0 0.181428 0.576748 0.208762 0.653587 0.099179 0.715228 0.071845 0.638389
0 0.675115 0.235408 0.670049 0.202014 0.715468 0.191119 0.720534 0.224513
0 0.702678 0.652131 0.773122 0.640627 0.788262 0.787210 0.717818 0.798715
0 0.752343 0.900894 0.741779 0.841463 0.832609 0.815932 0.843173 0.875364
0 0.906291 0.685344 0.897071 0.651480 0.946650 0.630135 0.955870 0.663999
0 0.974185 0.704625 1.005670 0.783343 0.897434 0.851797 0.865949 0.773079
0 0.105634 0.017330 0.141125 0.034820 0.109771 0.135424 0.074280 0.117934
0 0.939152 0.109679 0.939229 0.054500 0.999633 0.054632 0.999557 0.109812
0 0.836531 0.442035 0.848314 0.410260 0.896326 0.438414 0.884543 0.470189
0 0.592003 0.474071 0.623252 0.502936 0.574080 0.587112 0.542831 0.558247
0 0.463735 0.686381 0.464321 0.602013 0.676122 0.604337 0.675537 0.688705
0 0.367193 0.639508 0.396295 0.708333 0.277581 0.787707 0.248479 0.718883
0 0.115424 0.699102 0.135509 0.738444 0.069921 0.791392 0.049836 0.752050
0 0.437725 0.654356 0.423105 0.679022 0.391167 0.649087 0.405788 0.624421
0 0.184216 0.020369 0.214530 0.001611 0.240737 0.068583 0.210422 0.087341
0 0.431579 0.145357 0.471780 0.145004 0.472195 0.219643 0.431993 0.219996
0 0.585722 0.050936 0.651958 0.089952 0.598302 0.233989 0.532066 0.194973
0 0.486772 0.215702 0.500701 0.191327 0.535930 0.223160 0.522001 0.247535
0 0.026710 0.307089 0.051304 0.316426 0.034148 0.387881 0.009554 0.378544
0 0.004471 0.449967 0.043738 0.451519 0.041243 0.551350 0.001977 0.549798
0 0.227157 0.309932 0.305145 0.297195 0.332034 0.557538 0.254046 0.570275
0 0.377813 0.260610 0.455874 0.272489 0.430794 0.533103 0.352733 0.521224
0 0.475910 0.318921 0.526757 0.310617 0.538744 0.426678 0.487898 0.434982
0 0.632178 0.251941 0.683979 0.308166 0.594631 0.438329 0.542831 0.382103
0 0.688036 0.466596 0.679373 0.383852 0.811023 0.362057 0.819686 0.444801
0 0.793664 0.177777 0.828772 0.224789 0.770741 0.293316 0.735633 0.246304
0 0.086154 0.560527 0.110651 0.590904 0.071941 0.640267 0.047444 0.609889
0 0.384596 0.878214 0.399420 0.847676 0.448285 0.885184 0.433461 0.915722
0 0.274968 0.972969 0.274338 0.946274 0.319818 0.944576 0.320448 0.971271
0 0.329607 0.838084 0.393214 0.838084 0.393214 0.991018 0.329607 0.991018
0 0.444421 0.798413 0.423814 0.859166 0.327627 0.807575 0.348234 0.746822
0 0.459595 0.681446 0.483720 0.713415 0.433048 0.773883 0.408923 0.741914
0 0.795477 0.717769 0.821648 0.703732 0.839952 0.757695 0.813781 0.771733
0 0.728126 0.648056 0.705210 0.650527 0.701136 0.590776 0.724052 0.588306
0 0.237274 0.676392 0.225821 0.651846 0.286762 0.606887 0.298214 0.631432
0 0.162484 0.891084 0.133742 0.855567 0.191409 0.781775 0.220151 0.817293
0 0.200227 0.789856 0.244334 0.729960 0.335500 0.836118 0.291393 0.896013
0 0.438912 0.521811 0.424357 0.482561 0.492600 0.442545 0.507155 0.481796
0 0.067268 0.149752 0.000948 0.150334 0.000125 0.002014 0.066445 0.001432
0 0.000504 0.218373 0.000938 0.173720 0.030365 0.174172 0.029931 0.218825
