0 0.522507 0.203910 0.649681 -0.001722 0.706689 0.109609 0.579516 0.315241
0 0.618830 0.527634 0.760215 0.059069 0.903660 0.195746 0.762275 0.664311
0 0.516207 0.291861 0.603468 0.294567 0.602401 0.403157 0.515140 0.400450
0 0.925895 0.040137 1.032179 0.247697 0.976967 0.336971 0.870684 0.129411
0 0.599155 0.320022 0.664736 0.184536 0.705021 0.246110 0.639441 0.381597
0 0.499698 0.060116 0.540143 0.061370 0.538714 0.206888 0.498269 0.205633
0 0.917546 0.250198 0.969102 0.396245 0.920650 0.450255 0.869094 0.304208
0 0.868633 0.409191 0.950025 0.537605 0.908367 0.620983 0.826975 0.492570
0 0.769132 0.564202 0.889550 0.660370 0.863829 0.762070 0.743411 0.665902
0 0.514467 0.502978 0.640630 0.389238 0.671670 0.497963 0.545507 0.611702
0 0.007114 0.375384 0.438841 0.251128 0.466356 0.553013 0.034629 0.677269
