0 0.567741 0.545284 0.708175 0.671869 0.643255 0.831417 0.502821 0.704832
0 0.165457 0.133204 0.210051 0.093165 0.255823 0.206098 0.211228 0.246137
0 0.035733 0.178749 0.124110 0.258410 0.085966 0.352152 -0.002411 0.272491
0 0.182780 0.335633 0.164541 0.263027 0.247543 0.216838 0.265781 0.289444
0 0.455981 0.326283 0.500567 0.286252 0.546344 0.399197 0.501757 0.439228
0 0.133398 0.207218 0.169379 0.151177 0.217608 0.219774 0.181627 0.275814
0 0.525305 0.370692 0.569891 0.330661 0.595828 0.394657 0.551242 0.434688
0 0.867959 0.824360 0.999512 0.824360 0.999512 0.988895 0.867959 0.988895
0 0.865759 0.569077 1.006193 0.695663 0.941272 0.855210 0.800839 0.728625
0 0.703503 0.477144 0.843937 0.603730 0.779016 0.763277 0.638583 0.636692
0 0.321469 0.141155 0.461903 0.267740 0.396988 0.427275 0.256554 0.300690
0 0.329363 0.416054 0.469796 0.542639 0.404876 0.702187 0.264442 0.575602
0 0.139919 0.253932 0.280353 0.380517 0.215432 0.540065 0.074999 0.413480
0 0.201867 0.314038 0.267706 0.373386 0.238719 0.444624 0.172880 0.385277
0 0.486696 0.415683 0.650515 0.431878 0.642210 0.617980 0.478391 0.601785
0 0.737973 0.904687 0.735074 0.781128 0.880230 0.773584 0.883129 0.897142
