0 0.098252 0.277634 0.200928 0.314951 0.186890 0.415407 0.084214 0.378091
0 0.632293 0.440131 0.815197 0.440131 0.815197 0.588621 0.632293 0.588621
0 0.805427 0.550985 0.996934 0.550985 0.996934 0.699562 0.805427 0.699562
0 0.935550 0.695580 0.999389 0.695580 0.999389 0.778775 0.935550 0.778775
0 0.863094 0.398534 1.000000 0.398534 1.000000 0.549015 0.863094 0.549015
0 0.621667 0.270820 0.728099 0.319067 0.713747 0.401412 0.607315 0.353165
0 0.729719 0.319614 0.843385 0.359582 0.831638 0.446469 0.717972 0.406501
0 0.198489 0.242892 0.319353 0.327240 0.293994 0.421747 0.173130 0.337399
0 0.205194 0.360542 0.453145 0.474448 0.418456 0.670837 0.170505 0.556931
0 0.448128 0.592604 0.569688 0.592604 0.569688 0.685733 0.448128 0.685733
0 0.373389 0.176062 0.621341 0.289968 0.591455 0.459167 0.343503 0.345261
0 0.206317 0.156869 0.310072 0.197040 0.300250 0.263021 0.196495 0.222850
0 0.118576 0.121883 0.206498 0.155925 0.193907 0.240502 0.105985 0.206461
0 0.010662 0.092005 0.114404 0.132171 0.103761 0.203662 0.000020 0.163497
0 0.000000 0.303501 0.085902 0.303501 0.085902 0.406455 0.000000 0.406455
0 0.001167 0.186652 0.074763 0.186652 0.074763 0.275711 0.001167 0.275711
