0 0.474388 0.369242 0.610880 0.303849 0.625660 0.373373 0.489168 0.438766
0 0.792686 0.301026 0.934943 0.259515 0.945717 0.342727 0.803461 0.384238
0 0.012112 0.492910 0.108846 0.472242 0.114953 0.536654 0.018218 0.557322
0 0.213951 0.439701 0.351441 0.389386 0.364501 0.469815 0.227011 0.520130
0 0.892193 0.488775 0.982595 0.433116 1.001097 0.500837 0.910695 0.556497
0 0.945916 0.265739 0.999166 0.264344 0.999922 0.329370 0.946672 0.330765
0 0.320323 0.515981 0.484435 0.515981 0.484435 0.606538 0.320323 0.606538
0 0.367742 0.417918 0.527371 0.417918 0.527371 0.501017 0.367742 0.501017
0 0.556919 0.469552 0.714463 0.390876 0.731758 0.468923 0.574214 0.547598
0 0.657604 0.512020 0.794047 0.456752 0.808686 0.538198 0.672243 0.593465
0 0.109355 0.632930 0.230935 0.632930 0.230935 0.697748 0.109355 0.697748
0 0.235846 0.620658 0.337531 0.574280 0.350880 0.640237 0.249195 0.686616
0 0.108414 0.455652 0.246514 0.418723 0.253764 0.479820 0.115663 0.516749
0 0.622571 0.327837 0.790093 0.292046 0.796735 0.362114 0.629214 0.397906
