0 0.189844 0.443400 0.223609 0.443400 0.223609 0.474000 0.189844 0.474000
0 0.931094 0.581820 0.991094 0.581820 0.991094 0.641060 0.931094 0.641060
0 0.717719 0.533460 0.789703 0.533460 0.789703 0.590600 0.717719 0.590600
0 0.580641 0.524680 0.652625 0.524680 0.652625 0.581820 0.580641 0.581820
0 0.506938 0.530160 0.578922 0.530160 0.578922 0.587320 0.506938 0.587320
0 0.439250 0.526880 0.511234 0.526880 0.511234 0.584020 0.439250 0.584020
0 0.583281 0.355760 0.639844 0.355760 0.639844 0.412900 0.583281 0.412900
0 0.375000 0.498360 0.424672 0.498360 0.424672 0.555500 0.375000 0.555500
0 0.307344 0.455580 0.355266 0.455580 0.355266 0.512720 0.307344 0.512720
0 0.338313 0.387260 0.410297 0.387260 0.410297 0.444420 0.338313 0.444420
0 0.446406 0.379480 0.491375 0.379480 0.491375 0.436620 0.446406 0.436620
0 0.467500 0.326420 0.532312 0.326420 0.532312 0.383580 0.467500 0.383580
0 0.408516 0.381460 0.480500 0.381460 0.480500 0.438620 0.408516 0.438620
0 0.051094 0.383360 0.117141 0.383360 0.117141 0.440500 0.051094 0.440500
0 0.643781 0.337360 0.681875 0.337360 0.681875 0.366200 0.643781 0.366200
0 0.284687 0.428600 0.327656 0.428600 0.327656 0.469120 0.284687 0.469120
0 0.225625 0.431860 0.266516 0.431860 0.266516 0.489020 0.225625 0.489020
0 0.487781 0.398040 0.540141 0.398040 0.540141 0.469740 0.487781 0.469740
