0 0.521966 0.386954 0.539318 0.392156 0.530043 0.442705 0.512691 0.437503
0 0.434593 0.538438 0.455309 0.538438 0.455309 0.590359 0.434593 0.590359
0 0.462718 0.516931 0.479739 0.518720 0.476411 0.570466 0.459390 0.568677
0 0.441842 0.590811 0.491475 0.588152 0.495644 0.715311 0.446011 0.717970
0 0.593301 0.439569 0.617626 0.439569 0.617626 0.491490 0.593301 0.491490
0 0.560534 0.408259 0.588076 0.408259 0.588076 0.476302 0.560534 0.476302
0 0.505897 0.330792 0.529802 0.336455 0.520381 0.401435 0.496476 0.395771
0 0.452740 0.448424 0.474823 0.461467 0.452147 0.524197 0.430065 0.511154
0 0.473247 0.451348 0.496663 0.443830 0.510222 0.512835 0.486806 0.520353
0 0.417166 0.396025 0.441249 0.400406 0.433873 0.466650 0.409790 0.462269
0 0.411249 0.500223 0.435336 0.504441 0.428371 0.569436 0.404284 0.565218
0 0.535766 0.414225 0.559416 0.421427 0.548434 0.480353 0.524784 0.473151
0 0.506677 0.474468 0.525361 0.465348 0.538744 0.510146 0.520060 0.519266
0 0.499366 0.557811 0.521236 0.544236 0.545058 0.606947 0.523188 0.620521
0 0.474856 0.368072 0.498404 0.375800 0.487545 0.429864 0.463997 0.422135
