0 0.542607 0.387796 0.585288 0.387796 0.585288 0.429611 0.542607 0.429611
0 0.503744 0.668342 0.563756 0.698704 0.496356 0.771436 0.436344 0.741074
0 0.377820 0.736481 0.429524 0.736481 0.429524 0.809056 0.377820 0.809056
0 0.366917 0.557630 0.412782 0.557630 0.412782 0.606111 0.366917 0.606111
0 0.353349 0.600409 0.382356 0.615029 0.346977 0.653351 0.317970 0.638730
0 0.556491 0.553333 0.591629 0.553333 0.591629 0.601056 0.556491 0.601056
0 0.438997 0.492389 0.477293 0.492389 0.477293 0.550796 0.438997 0.550796
0 0.497243 0.491630 0.537544 0.491630 0.537544 0.541111 0.497243 0.541111
0 0.434887 0.559556 0.466917 0.559556 0.466917 0.611796 0.434887 0.611796
0 0.386607 0.525783 0.416372 0.516942 0.438807 0.558179 0.409042 0.567021
0 0.497644 0.549148 0.532356 0.549148 0.532356 0.596611 0.497644 0.596611
0 0.360576 0.363074 0.412281 0.363074 0.412281 0.435648 0.360576 0.435648
0 0.316667 0.663852 0.368371 0.663852 0.368371 0.736426 0.316667 0.736426
0 0.272732 0.551167 0.324436 0.551167 0.324436 0.623741 0.272732 0.623741
0 0.346366 0.480556 0.386466 0.480556 0.386466 0.542574 0.346366 0.542574
0 0.593258 0.359222 0.644937 0.359222 0.644937 0.431796 0.593258 0.431796
0 0.558868 0.314703 0.591719 0.353100 0.508676 0.391890 0.475825 0.353493
0 0.593648 0.465725 0.635351 0.488277 0.580287 0.543868 0.538584 0.521315
