0 0.476787 0.122650 0.490928 0.122650 0.490928 0.149224 0.476787 0.149224
0 0.200771 0.347628 0.214922 0.347628 0.214922 0.374202 0.200771 0.374202
0 0.383691 0.150571 0.397832 0.150571 0.397832 0.177145 0.383691 0.177145
0 0.438447 0.414949 0.452598 0.414949 0.452598 0.441523 0.438447 0.441523
0 0.287305 0.460937 0.301445 0.460937 0.301445 0.487511 0.287305 0.487511
0 0.596172 0.323001 0.610313 0.323001 0.610313 0.349561 0.596172 0.349561
0 0.407783 0.382108 0.421924 0.382108 0.421924 0.408682 0.407783 0.408682
0 0.372734 0.421523 0.386875 0.421523 0.386875 0.448097 0.372734 0.448097
0 0.359590 0.209693 0.373740 0.209693 0.373740 0.236266 0.359590 0.236266
0 0.464736 0.587379 0.491992 0.587379 0.491992 0.623865 0.464736 0.623865
0 0.459258 0.547965 0.473408 0.547965 0.473408 0.574539 0.459258 0.574539
0 0.670449 0.001464 0.697695 0.001464 0.697695 0.036018 0.670449 0.036018
0 0.525000 0.945329 0.552246 0.945329 0.552246 0.981816 0.525000 0.981816
0 0.562236 0.961742 0.589492 0.961742 0.589492 0.998243 0.562236 0.998243
0 0.250078 0.313104 0.277334 0.313104 0.277334 0.349605 0.250078 0.349605
0 0.681621 0.408346 0.708877 0.408346 0.708877 0.444846 0.681621 0.444846
0 0.586328 0.423133 0.613584 0.423133 0.613584 0.459619 0.586328 0.459619
0 0.473516 0.807394 0.500771 0.807394 0.500771 0.843880 0.473516 0.843880
0 0.459277 0.749912 0.486533 0.749912 0.486533 0.786398 0.459277 0.786398
0 0.558584 0.657555 0.578047 0.657555 0.578047 0.689385 0.558584 0.689385
0 0.514375 0.679414 0.528516 0.679414 0.528516 0.705974 0.514375 0.705974
0 0.514814 0.642299 0.528965 0.642299 0.528965 0.668873 0.514814 0.668873
0 0.241299 0.763089 0.255449 0.763089 0.255449 0.789649 0.241299 0.789649
0 0.749512 0.782782 0.763652 0.782782 0.763652 0.809356 0.749512 0.809356
0 0.309209 0.492138 0.323350 0.492138 0.323350 0.518712 0.309209 0.518712
0 0.335498 0.429736 0.349639 0.429736 0.349639 0.456310 0.335498 0.456310
