0 0.470327 0.711792 0.536656 0.691068 0.578447 0.839882 0.512118 0.860606
0 0.661209 0.850281 0.727537 0.829556 0.759513 0.943418 0.693184 0.964142
0 0.738087 0.928971 0.782276 0.872830 0.868897 0.948685 0.824709 1.000000
0 0.390285 0.579535 0.456614 0.558811 0.488589 0.672672 0.422261 0.693396
0 0.386230 0.059154 0.452559 0.038430 0.484534 0.152292 0.418206 0.173016
0 0.352563 0.014586 0.404503 0.000000 0.425445 0.072933 0.373506 0.089161
0 0.403497 0.155525 0.446692 0.142029 0.478668 0.255891 0.435472 0.269387
0 0.457999 0.175226 0.498275 0.162642 0.525537 0.259721 0.485261 0.272305
0 0.449544 0.279069 0.488215 0.266987 0.512289 0.352711 0.473618 0.364794
0 0.549522 0.294229 0.618321 0.301856 0.606553 0.419957 0.537754 0.412330
0 0.524743 0.455545 0.630960 0.422358 0.675964 0.582613 0.569747 0.615800
0 0.589652 0.638087 0.683155 0.608873 0.718515 0.734789 0.625013 0.764004
0 0.651698 0.761125 0.701548 0.745549 0.723093 0.822269 0.673243 0.837845
0 0.221217 0.216162 0.302253 0.190842 0.347253 0.351083 0.266217 0.376403
0 0.738778 0.851162 0.782873 0.794939 0.869620 0.870634 0.825525 0.926857
0 0.000000 0.326695 0.070309 0.304047 0.104125 0.424462 0.031639 0.447109
0 0.021215 0.492341 0.074976 0.446421 0.145827 0.538709 0.092066 0.584629
