0 0.101474 0.388883 0.120309 0.438787 0.112010 0.450225 0.093174 0.400321
0 0.032128 0.148289 0.113582 0.207102 0.102330 0.264004 0.020876 0.205191
0 0.175009 0.378685 0.229498 0.404452 0.223274 0.452509 0.168785 0.426742
0 0.225334 0.296351 0.279824 0.322119 0.276549 0.347407 0.222059 0.321639
0 0.303765 0.335791 0.358254 0.361558 0.354052 0.394002 0.299563 0.368235
0 0.183065 0.279050 0.222031 0.297476 0.219443 0.317463 0.180477 0.299036
0 0.360519 0.362411 0.415009 0.388178 0.410431 0.423529 0.355941 0.397762
0 0.393886 0.359325 0.433289 0.345099 0.436297 0.375516 0.396894 0.389742
0 0.104011 0.371788 0.150636 0.365245 0.151922 0.398722 0.105298 0.405264
0 0.411105 0.463084 0.467197 0.467201 0.466378 0.507951 0.410286 0.503834
0 0.273305 0.550864 0.328747 0.567643 0.324695 0.616525 0.269253 0.599745
0 0.230976 0.434875 0.261244 0.474476 0.249257 0.507928 0.218989 0.468326
0 0.110496 0.474163 0.154120 0.520751 0.145079 0.551665 0.101455 0.505077
0 0.443143 0.501078 0.522062 0.538397 0.515840 0.586438 0.436921 0.549119
0 0.380074 0.605905 0.419905 0.530325 0.435659 0.560640 0.395829 0.636220
0 0.411361 0.617004 0.461700 0.640809 0.457414 0.673903 0.407075 0.650098
0 0.091880 0.496087 0.128514 0.543482 0.117512 0.574534 0.080877 0.527139
0 0.020318 0.526866 0.062650 0.534085 0.061215 0.564806 0.018883 0.557587
0 0.016389 0.411016 0.048761 0.430876 0.044461 0.456468 0.012089 0.436608
0 0.351903 0.477212 0.394891 0.455048 0.399539 0.487963 0.356551 0.510127
0 0.290533 0.394633 0.318256 0.434987 0.307883 0.461004 0.280161 0.420650
0 0.524076 0.490348 0.574416 0.514153 0.570132 0.547231 0.519792 0.523427
0 0.674915 0.612427 0.709132 0.667485 0.696518 0.696108 0.662301 0.641050
0 0.549678 0.594688 0.594695 0.567732 0.600030 0.600264 0.555014 0.627221
0 0.520569 0.599159 0.545393 0.542428 0.559081 0.564296 0.534257 0.621028
0 0.214302 0.549600 0.256652 0.549317 0.256714 0.583410 0.214365 0.583692
0 0.064098 0.428458 0.094887 0.420189 0.096677 0.444520 0.065888 0.452789
0 0.122545 0.396306 0.145988 0.447118 0.137405 0.461576 0.113962 0.410764
0 0.589375 0.510813 0.683809 0.555469 0.678442 0.596910 0.584008 0.552254
0 0.740386 0.602024 0.814137 0.636899 0.806455 0.696209 0.732705 0.661333
0 0.863026 0.574443 0.909067 0.620045 0.898816 0.657834 0.852775 0.612232
0 0.735364 0.887317 0.783371 0.924753 0.775386 0.962141 0.727379 0.924706
0 0.329700 0.542089 0.365843 0.559180 0.362584 0.584344 0.326441 0.567253
0 0.279357 0.510683 0.312952 0.526569 0.309435 0.553728 0.275840 0.537841
0 0.320008 0.427479 0.388490 0.431134 0.387983 0.465786 0.319502 0.462131
0 0.227301 0.420131 0.278603 0.405656 0.280807 0.434168 0.229505 0.448644
0 0.248032 0.503367 0.305254 0.428219 0.318985 0.466394 0.261763 0.541542
0 0.487794 0.617720 0.539013 0.619258 0.538764 0.649509 0.487545 0.647971
0 0.584821 0.614044 0.632697 0.575963 0.639554 0.607437 0.591678 0.645518
0 0.309567 0.493742 0.351025 0.513346 0.347391 0.541401 0.305934 0.521797
0 0.154972 0.400365 0.196090 0.492683 0.182503 0.514779 0.141385 0.422460
0 0.224882 0.528205 0.246783 0.505103 0.252985 0.526572 0.231084 0.549674
0 0.214821 0.493007 0.238973 0.490992 0.239421 0.510607 0.215269 0.512622
0 0.202034 0.473353 0.237402 0.471937 0.237591 0.489163 0.202223 0.490579
0 0.918284 0.638390 0.947302 0.665315 0.941191 0.689365 0.912173 0.662440
0 0.003160 0.382127 0.060034 0.384024 0.059790 0.410755 0.002916 0.408858
0 0.057016 0.365165 0.080207 0.374261 0.078076 0.394103 0.054884 0.385006
0 0.067490 0.398906 0.089673 0.390897 0.091418 0.408546 0.069236 0.416555
0 0.072258 0.467008 0.103253 0.448334 0.106042 0.465237 0.075047 0.483911
0 0.135633 0.460731 0.160294 0.465269 0.159459 0.481848 0.134798 0.477311
0 0.137633 0.479008 0.163380 0.490366 0.160842 0.511374 0.135095 0.500016
0 0.455533 0.582847 0.485688 0.584456 0.485300 0.610975 0.455145 0.609365
0 0.496123 0.576262 0.520345 0.600872 0.514461 0.622018 0.490239 0.597408
