0 0.711180 0.446937 0.936461 0.367087 0.964758 0.504853 0.739477 0.584703
0 0.536723 0.641796 0.680834 0.606368 0.692039 0.685019 0.547928 0.720447
0 0.512909 0.504757 0.588507 0.444377 0.608866 0.488363 0.533268 0.548743
0 0.570660 0.525793 0.650125 0.462325 0.670490 0.506325 0.591025 0.569793
0 0.451006 0.463779 0.534905 0.420809 0.551619 0.477124 0.467720 0.520094
0 0.241102 0.484644 0.335925 0.408908 0.363648 0.468805 0.268825 0.544540
0 0.313925 0.360556 0.434440 0.303560 0.454688 0.377440 0.334173 0.434436
0 0.272444 0.599504 0.339429 0.523551 0.365043 0.562532 0.298058 0.638485
0 0.667307 0.674436 0.772555 0.622469 0.789580 0.681968 0.684332 0.733935
0 0.699714 0.597649 0.750342 0.550211 0.767473 0.581760 0.716845 0.629198
0 0.483319 0.646287 0.543760 0.574295 0.568168 0.609657 0.507728 0.681649
0 0.404888 0.688964 0.449456 0.600174 0.482850 0.629099 0.438282 0.717889
0 0.464504 0.703299 0.539903 0.673960 0.551033 0.723318 0.475634 0.752657
0 0.566504 0.564369 0.640546 0.572879 0.637571 0.617536 0.563529 0.609026
0 0.639353 0.528218 0.711793 0.568415 0.698159 0.610813 0.625719 0.570617
0 0.659843 0.497163 0.710944 0.463402 0.728557 0.509405 0.677456 0.543167
0 0.021039 0.588751 0.134841 0.556156 0.148161 0.636405 0.034359 0.669000
0 0.161241 0.747967 0.271292 0.697906 0.291772 0.775597 0.181721 0.825657
0 0.375077 0.764790 0.490859 0.748268 0.497610 0.829906 0.381829 0.846428
0 0.134977 0.557941 0.219044 0.452040 0.259898 0.508003 0.175831 0.613904
0 0.136735 0.630360 0.278987 0.617293 0.283290 0.698130 0.141038 0.711197
0 0.165422 0.394525 0.279211 0.361934 0.292241 0.440434 0.178451 0.473025
0 0.228876 0.282740 0.352240 0.247407 0.363837 0.317276 0.240473 0.352610
0 0.316994 0.621194 0.419908 0.606747 0.424506 0.663256 0.321592 0.677703
0 0.482871 0.358451 0.609433 0.286850 0.636404 0.369118 0.509842 0.440719
0 0.612681 0.387137 0.746785 0.311269 0.773757 0.393537 0.639652 0.469405
0 0.336185 0.509699 0.436407 0.400008 0.472565 0.457017 0.372343 0.566708
