0 0.446300 0.407736 0.464360 0.407736 0.464360 0.422748 0.446300 0.422748
0 0.465720 0.397928 0.483780 0.397928 0.483780 0.412939 0.465720 0.412939
0 0.466700 0.412500 0.484760 0.412500 0.484760 0.427511 0.466700 0.427511
0 0.463720 0.426791 0.481780 0.426791 0.481780 0.441802 0.463720 0.441802
0 0.519280 0.657736 0.537340 0.657736 0.537340 0.672748 0.519280 0.672748
0 0.505980 0.778221 0.524040 0.778221 0.524040 0.793232 0.505980 0.793232
0 0.108340 0.061182 0.188120 0.061182 0.188120 0.100800 0.108340 0.100800
0 0.490040 0.316363 0.508100 0.316363 0.508100 0.331374 0.490040 0.331374
0 0.214840 0.406430 0.245000 0.406430 0.245000 0.421441 0.214840 0.421441
0 0.318900 0.485845 0.351540 0.485845 0.351540 0.508142 0.318900 0.508142
0 0.407060 0.342264 0.425100 0.342264 0.425100 0.357275 0.407060 0.357275
0 0.431440 0.334133 0.449500 0.334133 0.449500 0.349144 0.431440 0.349144
0 0.432440 0.351227 0.450500 0.351227 0.450500 0.366239 0.432440 0.366239
0 0.418500 0.380090 0.436560 0.380090 0.436560 0.395101 0.418500 0.395101
0 0.440900 0.387376 0.458960 0.387376 0.458960 0.402387 0.440900 0.402387
0 0.508580 0.550743 0.526640 0.550743 0.526640 0.565755 0.508580 0.565755
0 0.506740 0.590664 0.524020 0.590664 0.524020 0.606160 0.506740 0.606160
0 0.310760 0.627950 0.354600 0.627950 0.354600 0.651194 0.310760 0.651194
0 0.373520 0.485597 0.403620 0.485597 0.403620 0.506903 0.373520 0.506903
0 0.404480 0.509809 0.422540 0.509809 0.422540 0.524820 0.404480 0.524820
0 0.426400 0.513930 0.444460 0.513930 0.444460 0.528941 0.426400 0.528941
0 0.409200 0.484392 0.427260 0.484392 0.427260 0.499403 0.409200 0.499403
0 0.323200 0.452917 0.341260 0.452917 0.341260 0.467928 0.323200 0.467928
0 0.490900 0.652894 0.510600 0.652894 0.510600 0.667905 0.490900 0.667905
0 0.449620 0.547827 0.467680 0.547827 0.467680 0.562827 0.449620 0.562827
0 0.469400 0.574448 0.487460 0.574448 0.487460 0.589459 0.469400 0.589459
0 0.484020 0.585586 0.502080 0.585586 0.502080 0.600597 0.484020 0.600597
0 0.527020 0.638367 0.545080 0.638367 0.545080 0.653378 0.527020 0.653378
0 0.529600 0.650473 0.547660 0.650473 0.547660 0.665484 0.529600 0.665484
0 0.522020 0.578491 0.541600 0.578491 0.541600 0.594651 0.522020 0.594651
