0 0.307982 0.734442 0.498858 0.532032 0.543646 0.700024 0.352769 0.902434
0 0.036309 0.475323 0.176009 0.315760 0.222139 0.476403 0.082439 0.635966
0 0.166740 0.155986 0.442558 0.265903 0.418913 0.501894 0.143096 0.391977
0 0.727436 0.715824 0.956225 0.539756 0.990795 0.718435 0.762007 0.894503
0 0.455960 0.821973 0.668184 0.609099 0.711717 0.781723 0.499493 0.994597
0 0.714768 0.613314 0.801205 0.395034 0.851318 0.473966 0.764882 0.692245
0 0.901976 0.766567 1.000000 0.766567 1.000000 0.984428 0.901976 0.984428
0 0.687481 0.204150 0.883309 0.246578 0.875012 0.398908 0.679184 0.356481
0 0.516870 0.111690 0.710850 0.075120 0.719818 0.264333 0.525838 0.300903
0 0.526990 0.001614 0.735466 0.001614 0.735466 0.105253 0.526990 0.105253
0 0.711477 0.001614 0.958420 0.001614 0.958420 0.219475 0.711477 0.219475
0 0.283170 0.001857 0.518062 0.001857 0.518062 0.195310 0.283170 0.195310
0 0.644694 0.873546 0.795861 0.873546 0.795861 1.000000 0.644694 1.000000
0 0.876482 0.168874 1.000000 0.168874 1.000000 0.386735 0.876482 0.386735
0 0.421164 0.285159 0.751259 0.353191 0.737369 0.621257 0.407274 0.553225
0 -0.003176 0.209719 0.167748 0.014491 0.208633 0.156866 0.037708 0.352094
0 0.059679 0.830539 0.355708 0.838783 0.354517 1.008973 0.058487 1.000729
