0 0.664016 0.270849 0.785909 0.307720 0.778214 0.453573 0.656321 0.416702
0 0.644834 0.603603 0.713949 0.680421 0.693976 0.783449 0.624861 0.706630
0 0.904120 0.220085 0.984867 0.116416 1.003293 0.198700 0.922546 0.302369
0 0.758028 0.538568 0.835734 0.458822 0.854418 0.563205 0.776712 0.642950
0 0.806045 0.355759 0.877086 0.289781 0.891584 0.379280 0.820543 0.445259
0 0.728961 0.428043 0.800655 0.366240 0.816721 0.473092 0.745028 0.534895
0 0.814266 0.844378 0.779436 0.682104 0.817306 0.635502 0.852136 0.797776
0 0.503247 0.512244 0.563861 0.513257 0.563475 0.645505 0.502861 0.644492
0 0.881997 0.345915 0.968304 0.267826 0.983328 0.363029 0.897021 0.441118
0 0.177292 0.272093 0.232330 0.228255 0.247301 0.336014 0.192263 0.379853
0 0.295986 0.137228 0.338248 0.038132 0.366444 0.107075 0.324182 0.206170
0 0.006198 0.531406 0.076996 0.531702 0.076914 0.645267 0.006115 0.644971
0 0.247920 0.312908 0.310180 0.317332 0.309027 0.410359 0.246767 0.405935
0 0.305073 0.222665 0.361546 0.172108 0.376250 0.266279 0.319777 0.316836
0 0.231534 0.546036 0.273793 0.446252 0.302493 0.515936 0.260233 0.615721
0 0.094625 0.737734 0.157722 0.840023 0.135982 0.916907 0.072885 0.814618
0 0.240478 0.628148 0.300706 0.620338 0.302550 0.701872 0.242322 0.709682
0 0.270784 0.581702 0.321960 0.488354 0.341355 0.549314 0.290178 0.642662
0 0.158096 0.640737 0.208874 0.592844 0.220607 0.664163 0.169828 0.712057
0 0.106034 0.463103 0.188292 0.381520 0.206445 0.486459 0.124188 0.568042
0 0.407326 0.202916 0.464267 0.144198 0.477466 0.217583 0.420525 0.276300
