0 0.653598 0.513104 0.791351 0.455754 0.807450 0.542901 0.669697 0.600251
0 0.793684 0.304378 0.931452 0.247022 0.949090 0.342498 0.811322 0.399854
0 0.104379 0.455247 0.244937 0.416139 0.252347 0.476158 0.111789 0.515266
0 0.112660 0.622528 0.240813 0.635306 0.237647 0.706867 0.109494 0.694089
0 0.229542 0.630638 0.339640 0.571133 0.355829 0.638635 0.245731 0.698140
0 0.004770 0.501917 0.107362 0.471701 0.115069 0.530674 0.012477 0.560890
0 0.473416 0.363266 0.609036 0.309094 0.622664 0.385983 0.487044 0.440155
0 0.720641 0.353601 0.798525 0.295562 0.815471 0.346810 0.737588 0.404850
0 0.891601 0.480202 0.981663 0.438866 0.996286 0.510670 0.906224 0.552006
0 0.943630 0.265130 1.000000 0.265427 1.000000 0.335500 0.943467 0.335202
0 0.612695 0.338364 0.665467 0.328917 0.669998 0.385971 0.617227 0.395417
0 0.665408 0.324244 0.735700 0.311661 0.739737 0.362487 0.669445 0.375070
0 0.208981 0.443853 0.350269 0.378602 0.368229 0.466243 0.226941 0.531495
0 0.368716 0.397723 0.531533 0.438626 0.521590 0.527821 0.358774 0.486919
0 0.549159 0.466014 0.714260 0.390238 0.731873 0.476722 0.566772 0.552498
0 0.318597 0.508493 0.483507 0.519735 0.480774 0.610078 0.315864 0.598836
