0 0.406542 0.281120 0.440917 0.281120 0.440917 0.335057 0.406542 0.335057
0 0.663910 0.519135 0.685940 0.519135 0.685940 0.533690 0.663910 0.533690
0 0.540511 0.586768 0.570478 0.586768 0.570478 0.609885 0.540511 0.609885
0 0.578415 0.578206 0.611022 0.578206 0.611022 0.598753 0.578415 0.598753
0 0.346608 0.408690 0.365115 0.408690 0.365115 0.430948 0.346608 0.430948
0 0.344846 0.451495 0.360707 0.451495 0.360707 0.474612 0.344846 0.474612
0 0.873680 0.492589 0.893949 0.492589 0.893949 0.523416 0.873680 0.523416
0 0.493798 0.781120 0.518481 0.781120 0.518481 0.807659 0.493798 0.807659
0 0.468238 0.811081 0.492010 0.811081 0.492010 0.836768 0.468238 0.836768
0 0.439155 0.746011 0.462069 0.746011 0.462069 0.774268 0.439155 0.774268
0 0.736182 0.871870 0.759096 0.871870 0.759096 0.900980 0.736182 0.900980
0 0.434748 0.865019 0.474407 0.865019 0.474407 0.928378 0.434748 0.928378
0 0.192364 0.683511 0.217924 0.683511 0.217924 0.716902 0.192364 0.716902
0 0.247891 0.667246 0.269044 0.667246 0.269044 0.691221 0.247891 0.691221
0 0.263785 0.697214 0.301657 0.697214 0.301657 0.758855 0.263785 0.758855
0 0.241722 0.720331 0.262875 0.720331 0.262875 0.742589 0.241722 0.742589
0 0.425049 0.609027 0.454139 0.609027 0.454139 0.638136 0.425049 0.638136
0 0.470884 0.450642 0.502613 0.450642 0.502613 0.499440 0.470884 0.499440
0 0.013883 0.375948 0.047387 0.375948 0.047387 0.409975 0.013883 0.409975
0 0.041297 0.288658 0.094604 0.288658 0.094604 0.343397 0.041297 0.343397
0 0.365704 0.924822 0.391598 0.924822 0.391598 0.966247 0.365704 0.966247
0 0.304781 0.781317 0.388553 0.781317 0.388553 0.892271 0.304781 0.892271
0 0.399961 0.658989 0.414309 0.658989 0.414309 0.674917 0.399961 0.674917
0 0.401847 0.224497 0.422063 0.224497 0.422063 0.244828 0.401847 0.244828
0 0.638350 0.452354 0.674486 0.452354 0.674486 0.482316 0.638350 0.482316
0 0.754689 0.209205 0.782895 0.209205 0.782895 0.230604 0.754689 0.230604
0 0.162397 0.567080 0.187957 0.567080 0.187957 0.589338 0.162397 0.589338
0 0.201179 0.571355 0.218808 0.571355 0.218808 0.596190 0.201179 0.596190
0 0.525527 0.249440 0.544041 0.249440 0.544041 0.267424 0.525527 0.267424
0 0.499967 0.198073 0.516713 0.198073 0.516713 0.219478 0.499967 0.219478
0 0.492037 0.141565 0.505259 0.141565 0.505259 0.160401 0.492037 0.160401
0 0.620720 0.521698 0.657734 0.521698 0.657734 0.537971 0.620720 0.537971
