0 0.610020 0.511634 0.757300 0.511634 0.757300 0.935400 0.610020 0.935400
0 0.000000 0.335400 0.101760 0.335400 0.101760 0.567087 0.000000 0.567087
0 0.430530 0.107691 0.573350 0.107691 0.573350 0.563126 0.430530 0.563126
0 0.375960 0.570000 0.420670 0.570000 0.420670 0.766039 0.375960 0.766039
0 0.015920 0.175009 0.116300 0.175009 0.116300 0.319556 0.015920 0.319556
0 0.093187 0.334313 0.164054 0.173781 0.353383 0.437463 0.282516 0.597995
0 0.639010 0.161155 0.697090 0.161155 0.697090 0.319556 0.639010 0.319556
0 0.605560 0.353233 0.691520 0.353233 0.691520 0.573037 0.605560 0.573037
0 0.409350 0.575009 0.454060 0.575009 0.454060 0.771048 0.409350 0.771048
0 0.367100 0.291847 0.456290 0.291847 0.456290 0.573037 0.367100 0.573037
