0 0.852889 0.795417 0.931499 0.768644 0.937530 0.830842 0.858921 0.857615
0 0.665130 0.765484 0.750450 0.709801 0.761055 0.766876 0.675735 0.822559
0 0.733368 0.817899 0.811219 0.827335 0.809664 0.872398 0.731813 0.862963
0 0.208591 0.656031 0.321269 0.656031 0.321269 0.740035 0.208591 0.740035
0 0.452557 0.760164 0.484240 0.713606 0.495521 0.740571 0.463839 0.787129
0 0.508191 0.702356 0.544460 0.772743 0.529523 0.799777 0.493254 0.729390
0 0.108414 0.642290 0.168209 0.642290 0.168209 0.688636 0.108414 0.688636
0 0.608299 0.785910 0.677385 0.807577 0.673184 0.854632 0.604098 0.832965
0 0.011666 0.618269 0.068027 0.649157 0.062896 0.682046 0.006534 0.651158
0 0.471387 0.523985 0.523400 0.508022 0.527624 0.556365 0.475611 0.572327
0 0.769244 0.568741 0.841670 0.568741 0.841670 0.637115 0.769244 0.637115
0 0.951679 0.627972 1.000000 0.627972 1.000000 0.723514 0.951679 0.723514
0 0.575314 0.674144 0.671537 0.722802 0.660750 0.797727 0.564527 0.749069
0 0.616800 0.668042 0.675522 0.668042 0.675522 0.702325 0.616800 0.702325
