0 0.696721 0.509039 0.777448 0.496737 0.780103 0.549588 0.699376 0.561890
0 0.697212 0.000246 0.743694 0.000246 0.743694 0.071250 0.697212 0.071250
0 0.657217 0.049673 0.696328 0.076782 0.669136 0.195799 0.630025 0.168689
0 0.551565 0.083525 0.596953 0.083525 0.596953 0.214016 0.551565 0.214016
0 0.590232 0.292224 0.647159 0.230024 0.666121 0.282674 0.609194 0.344874
0 0.386468 0.278929 0.438734 0.178882 0.468249 0.225661 0.415984 0.325709
0 0.388975 0.450839 0.439086 0.337087 0.473602 0.383218 0.423490 0.496970
0 0.403251 0.541109 0.447869 0.504704 0.458843 0.545510 0.414225 0.581915
0 0.695131 0.429270 0.793365 0.370354 0.808245 0.445628 0.710012 0.504543
0 0.371884 0.682629 0.408339 0.642332 0.420493 0.675690 0.384038 0.715987
0 0.458993 0.661325 0.480250 0.631342 0.492948 0.658654 0.471691 0.688637
0 0.112286 0.800760 0.141793 0.826723 0.114279 0.921596 0.084771 0.895634
0 0.047490 0.860984 0.069842 0.888551 0.038957 0.964528 0.016605 0.936962
0 0.257060 0.791844 0.274130 0.841132 0.222764 0.895103 0.205694 0.845815
0 0.366069 0.732700 0.376619 0.776413 0.326990 0.812751 0.316440 0.769038
0 0.313766 0.854662 0.324794 0.898418 0.265599 0.943679 0.254571 0.899922
0 0.447344 0.678539 0.456487 0.716057 0.400315 0.757588 0.391172 0.720070
0 0.380370 0.784275 0.393772 0.760932 0.416724 0.800909 0.403322 0.824253
