0 0.648576 0.448170 0.708013 0.487980 0.697497 0.523846 0.638061 0.484036
0 0.057293 0.275698 0.146759 0.251855 0.152057 0.297269 0.062591 0.321113
0 0.126682 0.360490 0.184318 0.330153 0.191962 0.363330 0.134326 0.393667
0 0.249307 0.442466 0.287393 0.375776 0.304988 0.398731 0.266902 0.465421
0 0.311115 0.506632 0.379236 0.415539 0.401119 0.452925 0.332999 0.544019
0 0.281281 0.593805 0.251502 0.513267 0.276506 0.492146 0.306286 0.572683
0 0.296147 0.330657 0.335981 0.309690 0.343625 0.342868 0.303791 0.363834
0 0.343309 0.321817 0.400945 0.291481 0.408589 0.324658 0.350953 0.354995
0 0.393446 0.325798 0.456088 0.306362 0.460762 0.340776 0.398120 0.360211
0 0.370930 0.376652 0.398326 0.392381 0.391413 0.419889 0.364017 0.404160
0 0.406424 0.477695 0.459680 0.461465 0.463674 0.491403 0.410418 0.507634
0 0.416662 0.544143 0.432862 0.652795 0.402601 0.663103 0.386401 0.554451
0 0.635223 0.360566 0.688245 0.406278 0.676729 0.436794 0.623707 0.391082
0 0.674414 0.333067 0.740319 0.322422 0.742928 0.359326 0.677024 0.369972
0 0.620134 0.258737 0.681127 0.255517 0.682046 0.295263 0.621053 0.298483
0 0.585616 0.203563 0.670727 0.196821 0.672128 0.237208 0.587017 0.243950
0 0.890566 0.368588 0.938297 0.343465 0.945941 0.376642 0.898210 0.401765
0 0.743000 0.173643 0.781318 0.164262 0.784039 0.189652 0.745721 0.199033
0 0.701068 0.217619 0.738516 0.244375 0.731285 0.267495 0.693837 0.240740
0 0.928159 0.208324 0.961289 0.207450 0.961591 0.233643 0.928462 0.234517
0 0.934181 0.132804 0.979786 0.132082 0.979973 0.159032 0.934368 0.159754
