0 0.535862 0.397700 0.551364 0.397700 0.551364 0.424760 0.535862 0.424760
0 0.529895 0.446260 0.548981 0.446260 0.548981 0.472520 0.529895 0.472520
0 0.495292 0.462160 0.517961 0.462160 0.517961 0.493200 0.495292 0.493200
0 0.521559 0.423540 0.540660 0.423540 0.540660 0.449800 0.521559 0.449800
0 0.522159 0.468100 0.541244 0.468100 0.541244 0.494360 0.522159 0.494360
0 0.511424 0.445020 0.530510 0.445020 0.530510 0.471300 0.511424 0.471300
0 0.473388 0.664440 0.497001 0.664440 0.497001 0.705880 0.473388 0.705880
0 0.489550 0.612480 0.509010 0.612480 0.509010 0.646760 0.489550 0.646760
0 0.506942 0.647860 0.519790 0.647860 0.519790 0.669960 0.506942 0.669960
0 0.490180 0.646740 0.503028 0.646740 0.503028 0.668840 0.490180 0.668840
0 0.501259 0.221840 0.523928 0.221840 0.523928 0.255260 0.501259 0.255260
0 0.511994 0.331660 0.526912 0.331660 0.526912 0.364280 0.511994 0.364280
0 0.535862 0.334040 0.563898 0.334040 0.563898 0.363480 0.535862 0.363480
0 0.495292 0.377020 0.524528 0.377020 0.524528 0.415220 0.495292 0.415220
0 0.539430 0.365080 0.556147 0.365080 0.556147 0.396120 0.539430 0.396120
0 0.506627 0.540160 0.529895 0.540160 0.529895 0.564020 0.506627 0.564020
0 0.498876 0.500360 0.517961 0.500360 0.517961 0.531400 0.498876 0.531400
0 0.499460 0.416800 0.521544 0.416800 0.521544 0.451020 0.499460 0.451020
0 0.523928 0.387360 0.536447 0.387360 0.536447 0.424760 0.523928 0.424760
0 0.475007 0.197160 0.504798 0.197160 0.504798 0.240940 0.475007 0.240940
