0 0.563258 0.571235 0.568522 0.485486 0.611757 0.490247 0.606494 0.575996
0 0.858997 0.154224 0.937828 0.154224 0.937828 0.325540 0.858997 0.325540
0 0.090010 0.459017 0.164385 0.459017 0.164385 0.540693 0.090010 0.540693
0 0.012668 0.570568 0.073650 0.570568 0.073650 0.652258 0.012668 0.652258
0 0.079597 0.648269 0.134633 0.648269 0.134633 0.717992 0.079597 0.717992
0 0.253619 0.074529 0.304199 0.074529 0.304199 0.184100 0.253619 0.184100
0 0.412368 0.455471 0.465047 0.455471 0.465047 0.513573 0.412368 0.513573
0 0.311510 0.502091 0.364188 0.502091 0.364188 0.560194 0.311510 0.560194
0 0.177779 0.373194 0.233659 0.319414 0.258974 0.366598 0.203094 0.420378
0 0.681282 0.485499 0.747570 0.485499 0.747570 0.543601 0.681282 0.543601
0 0.420062 0.225069 0.472740 0.225069 0.472740 0.311219 0.420062 0.311219
0 0.226159 0.775638 0.278878 0.732369 0.301545 0.781910 0.248826 0.825179
0 0.169646 0.693966 0.220395 0.757349 0.190809 0.799842 0.140060 0.736460
0 0.799194 0.335631 0.850643 0.320481 0.859710 0.375713 0.808261 0.390863
0 0.483086 0.113558 0.482435 0.238362 0.426707 0.237840 0.427358 0.113037
0 0.161748 0.473481 0.267261 0.434821 0.282616 0.509995 0.177103 0.548655
0 0.479214 0.266330 0.534333 0.266330 0.534333 0.350831 0.479214 0.350831
0 0.305097 0.291082 0.386293 0.198857 0.427033 0.263197 0.345837 0.355423
0 0.307942 0.411496 0.395140 0.411496 0.395140 0.482825 0.307942 0.482825
0 0.938780 0.508906 0.996381 0.508906 0.996381 0.634626 0.938780 0.634626
0 0.708376 0.343878 0.796794 0.343878 0.796794 0.471330 0.708376 0.471330
0 0.646601 0.731675 0.697424 0.827103 0.647432 0.874862 0.596610 0.779435
0 0.533402 0.624418 0.605791 0.624418 0.605791 0.682521 0.533402 0.682521
0 0.642459 0.519429 0.719313 0.589909 0.690375 0.646513 0.613521 0.576033
0 0.677559 0.667313 0.780765 0.667313 0.780765 0.736981 0.677559 0.736981
0 0.483847 0.493920 0.556774 0.493920 0.556774 0.552036 0.483847 0.552036
0 0.450021 0.405900 0.559669 0.405900 0.559669 0.487258 0.450021 0.487258
0 0.291499 0.686814 0.374147 0.686814 0.374147 0.773407 0.291499 0.773407
0 0.273144 0.804571 0.336401 0.804571 0.336401 0.873075 0.273144 0.873075
0 0.448087 0.803310 0.520062 0.803310 0.520062 0.871745 0.448087 0.871745
0 0.461613 0.734709 0.542296 0.734709 0.542296 0.792812 0.461613 0.792812
0 0.583082 0.484449 0.588346 0.398699 0.631582 0.403460 0.626318 0.489209
0 0.527342 0.247922 0.595450 0.247922 0.595450 0.329377 0.527342 0.329377
0 0.605781 0.545349 0.611045 0.459599 0.654281 0.464360 0.649017 0.550110
0 0.617410 0.303967 0.664336 0.208289 0.717864 0.255382 0.670938 0.351060
0 0.625095 0.150651 0.731960 0.151400 0.731596 0.244418 0.624731 0.243669
0 0.403243 0.361592 0.445601 0.292279 0.483221 0.333519 0.440862 0.402832
0 0.242155 0.360645 0.247418 0.274910 0.298600 0.280546 0.293337 0.366281
0 0.563258 0.868978 0.568522 0.783228 0.611757 0.787989 0.606494 0.873739
0 0.548525 0.961486 0.489669 0.879858 0.520875 0.839497 0.579731 0.921125
0 0.305716 0.671291 0.312485 0.561026 0.364522 0.566756 0.357753 0.677021
0 0.409577 0.587849 0.431764 0.521727 0.471333 0.545544 0.449146 0.611667
0 0.362156 0.581456 0.368445 0.479018 0.411691 0.483780 0.405402 0.586218
0 0.604820 0.426249 0.610083 0.340500 0.653319 0.345261 0.648055 0.431010
0 0.233969 0.398562 0.267937 0.356286 0.297468 0.398848 0.263500 0.441124
0 0.293393 0.404333 0.309815 0.350165 0.350009 0.372025 0.333587 0.426192
0 0.634123 0.449034 0.691514 0.410375 0.711006 0.462282 0.653616 0.500941
0 0.650447 0.057090 0.699358 0.030888 0.715468 0.084836 0.666557 0.111037
0 0.600880 0.641768 0.677936 0.631648 0.683143 0.702775 0.606087 0.712895
0 0.417601 0.903296 0.470279 0.903296 0.470279 0.961399 0.417601 0.961399
0 0.488804 0.242544 0.512331 0.148369 0.553471 0.166805 0.529944 0.260980
0 0.386784 0.596357 0.486267 0.596357 0.486267 0.788130 0.386784 0.788130
0 0.403908 0.103424 0.443261 0.194349 0.405730 0.223488 0.366377 0.132563
