0 0.445200 0.744805 0.463600 0.744805 0.463600 0.773214 0.445200 0.773214
0 0.367160 0.654675 0.395400 0.654675 0.395400 0.697630 0.367160 0.697630
0 0.500000 0.662013 0.526000 0.662013 0.526000 0.691656 0.500000 0.691656
0 0.446840 0.677987 0.481800 0.677987 0.481800 0.720942 0.446840 0.720942
0 0.429800 0.683669 0.444000 0.683669 0.444000 0.720455 0.429800 0.720455
0 0.589400 0.555877 0.627360 0.555877 0.627360 0.590260 0.589400 0.590260
0 0.381800 0.557792 0.419420 0.557792 0.419420 0.590195 0.381800 0.590195
0 0.536300 0.624903 0.561660 0.624903 0.561660 0.648539 0.536300 0.648539
0 0.544880 0.762662 0.566000 0.762662 0.566000 0.788474 0.544880 0.788474
0 0.852740 0.656071 0.899800 0.656071 0.899800 0.710519 0.852740 0.710519
0 0.769220 0.709091 0.816280 0.709091 0.816280 0.763539 0.769220 0.763539
0 0.551600 0.694805 0.595680 0.694805 0.595680 0.737760 0.551600 0.737760
0 0.475980 0.737760 0.520060 0.737760 0.520060 0.780714 0.475980 0.780714
0 0.285400 0.737760 0.329480 0.737760 0.329480 0.780714 0.285400 0.780714
0 0.303040 0.593571 0.347120 0.593571 0.347120 0.636494 0.303040 0.636494
0 0.376600 0.725357 0.412420 0.725357 0.412420 0.768279 0.376600 0.768279
0 0.367800 0.697727 0.404760 0.697727 0.404760 0.731039 0.367800 0.731039
0 0.366000 0.608766 0.404760 0.608766 0.404760 0.641266 0.366000 0.641266
0 0.547800 0.804545 0.571240 0.804545 0.571240 0.835130 0.547800 0.835130
0 0.638400 0.602143 0.673020 0.602143 0.673020 0.645097 0.638400 0.645097
0 0.707200 0.709123 0.735960 0.709123 0.735960 0.752045 0.707200 0.752045
0 0.420700 0.636526 0.448200 0.636526 0.448200 0.679481 0.420700 0.679481
