0 0.741346 0.576819 0.787594 0.640021 0.764763 0.739914 0.718515 0.676711
0 0.866853 0.362084 0.956390 0.266431 0.971443 0.350681 0.881906 0.446333
0 0.003928 0.521077 0.078627 0.521077 0.078627 0.645763 0.003928 0.645763
0 0.025918 0.357271 0.075698 0.357271 0.075698 0.452998 0.025918 0.452998
0 0.302151 0.192029 0.370954 0.192029 0.370954 0.316715 0.302151 0.316715
0 0.100054 0.726752 0.162991 0.825172 0.135518 0.930214 0.072582 0.831794
0 0.084279 0.256886 0.153545 0.188455 0.167050 0.270187 0.097783 0.338618
0 0.000749 0.691931 0.051531 0.690414 0.052283 0.841085 0.001502 0.842602
0 0.289934 0.098207 0.356498 0.015275 0.379647 0.126371 0.313084 0.209303
0 0.205748 0.589753 0.293443 0.400703 0.351587 0.561970 0.263892 0.751020
0 0.159495 0.295388 0.226059 0.212455 0.249205 0.323535 0.182641 0.406468
0 0.372614 0.165943 0.473539 0.165943 0.473539 0.326930 0.372614 0.326930
0 0.104897 0.643088 0.160499 0.643088 0.160499 0.721544 0.104897 0.721544
0 0.101101 0.456667 0.170679 0.365058 0.194854 0.474841 0.125275 0.566450
0 0.255760 0.295807 0.313141 0.326657 0.305488 0.411769 0.248107 0.380920
0 0.352582 0.145998 0.419982 0.028006 0.449665 0.129388 0.382265 0.247380
0 0.174890 0.743824 0.270044 0.743824 0.270044 0.878636 0.174890 0.878636
0 0.386872 0.339856 0.429295 0.339856 0.429295 0.443806 0.386872 0.443806
0 0.165145 0.630199 0.205300 0.585245 0.222483 0.677018 0.182328 0.721972
0 0.194207 0.429536 0.238943 0.349767 0.257489 0.411954 0.212753 0.491723
0 0.501769 0.506302 0.564611 0.506302 0.564611 0.660144 0.501769 0.660144
0 0.890359 0.190291 0.978172 0.078036 1.002857 0.193497 0.915044 0.305752
0 0.656659 0.277397 0.771439 0.277397 0.771439 0.429084 0.656659 0.429084
0 0.631982 0.629084 0.711013 0.629084 0.711013 0.749551 0.631982 0.749551
0 0.813498 0.634267 0.843551 0.785609 0.811664 0.823471 0.781610 0.672129
0 0.759278 0.535271 0.838791 0.453940 0.857264 0.561928 0.777751 0.643259
0 0.774112 0.277397 0.875257 0.277397 0.875257 0.424955 0.774112 0.424955
0 0.711671 0.457559 0.801208 0.361906 0.816258 0.446139 0.726721 0.541792
