0 0.877758 0.348086 0.938582 0.331809 0.944867 0.384825 0.884043 0.401102
0 0.399275 0.314158 0.460455 0.301077 0.464647 0.345326 0.403467 0.358407
0 0.323356 0.390372 0.286089 0.464402 0.257488 0.431905 0.294755 0.357875
0 0.411273 0.444024 0.344801 0.540799 0.318009 0.499262 0.384480 0.402488
0 0.581961 0.207662 0.684842 0.182075 0.690696 0.235201 0.587815 0.260789
0 0.349297 0.305241 0.402534 0.283661 0.411875 0.335674 0.358638 0.357254
0 0.725790 0.171551 0.786703 0.155908 0.791445 0.197581 0.730531 0.213223
0 0.914874 0.202267 0.968193 0.195118 0.970501 0.233977 0.917182 0.241126
0 0.066891 0.239272 0.164531 0.239272 0.164531 0.322934 0.066891 0.322934
0 0.130761 0.354139 0.200011 0.322132 0.209692 0.369406 0.140442 0.401412
0 0.256799 0.514909 0.282841 0.488915 0.316217 0.564387 0.290175 0.590380
0 0.390313 0.542958 0.436844 0.542958 0.436844 0.649531 0.390313 0.649531
0 0.404812 0.452418 0.468875 0.452418 0.468875 0.505141 0.404812 0.505141
0 0.654092 0.430653 0.706327 0.480262 0.687173 0.525779 0.634939 0.476170
0 0.927421 0.123013 0.978556 0.119525 0.980016 0.167832 0.928881 0.171320
0 0.643065 0.347532 0.695300 0.397142 0.676138 0.442679 0.623904 0.393069
0 0.675452 0.316917 0.737203 0.314002 0.738329 0.367848 0.676578 0.370764
0 0.618067 0.255944 0.679454 0.245273 0.683199 0.293892 0.621811 0.304563
