0 0.674446 0.221096 0.707348 0.289270 0.625425 0.388495 0.592523 0.320322
0 0.141572 0.244109 0.280801 0.163830 0.377349 0.584055 0.238120 0.664333
0 0.050998 0.657857 0.105169 0.657857 0.105169 0.821224 0.050998 0.821224
0 0.080913 0.190259 0.138471 0.212487 0.112243 0.382929 0.054685 0.360702
0 0.552782 0.110623 0.602887 0.143177 0.563756 0.294326 0.513651 0.261772
0 0.602512 0.463561 0.639456 0.526323 0.554815 0.651362 0.517871 0.588600
0 0.363398 0.034160 0.378183 0.107554 0.291707 0.151274 0.276922 0.077880
0 0.865814 0.296814 0.882284 0.378568 0.784041 0.428237 0.767572 0.346483
0 0.358507 0.766016 0.407386 0.729082 0.451783 0.876535 0.402903 0.913469
0 0.267513 0.650053 0.311338 0.599611 0.364210 0.714896 0.320385 0.765338
0 0.502176 0.019847 0.556062 0.057854 0.483799 0.314975 0.429913 0.276968
0 0.860068 0.450328 0.911900 0.425381 0.944827 0.597070 0.892996 0.622017
0 0.646860 0.817092 0.724928 0.817092 0.724928 0.997015 0.646860 0.997015
0 0.690375 0.780048 0.666713 0.702851 0.749078 0.639493 0.772740 0.716690
0 0.877204 0.659980 0.923144 0.705456 0.868496 0.843999 0.822557 0.798524
0 0.423054 0.703757 0.460332 0.641527 0.546431 0.770962 0.509153 0.833193
0 0.532355 0.699281 0.569427 0.636742 0.649883 0.756433 0.612812 0.818972
0 0.746774 0.409958 0.761307 0.496488 0.648299 0.544123 0.633765 0.457593
0 0.689562 0.255610 0.726190 0.186947 0.801130 0.287272 0.764503 0.355936
0 0.794267 0.761556 0.848438 0.761556 0.848438 0.924923 0.794267 0.924923
