0 0.120893 0.343155 0.292440 0.343155 0.292440 0.590680 0.120893 0.590680
0 0.001225 0.463948 0.115597 0.463948 0.115597 0.579466 0.001225 0.579466
0 0.355562 0.407258 0.450035 0.524358 0.326754 0.765865 0.232280 0.648765
0 0.439443 0.390102 0.630397 0.332263 0.658241 0.555480 0.467288 0.613319
0 0.368640 0.600647 0.543406 0.600647 0.543406 0.787055 0.368640 0.787055
0 0.542368 0.602233 0.676854 0.602233 0.676854 0.757346 0.542368 0.757346
0 0.675691 0.600583 0.800758 0.600583 0.800758 0.750809 0.675691 0.750809
0 0.875836 0.207848 0.897092 0.207848 0.897092 0.267314 0.875836 0.267314
0 0.798536 0.234304 0.844133 0.234304 0.844133 0.313463 0.798536 0.313463
0 0.837819 0.184741 0.861121 0.184741 0.861121 0.254045 0.837819 0.254045
0 0.759642 0.536471 0.941784 0.455622 0.974750 0.635956 0.792609 0.716805
0 0.816532 0.683091 1.000000 0.683091 1.000000 0.910825 0.816532 0.910825
0 0.947850 0.570890 1.000000 0.570890 1.000000 0.678139 0.947850 0.678139
0 0.924507 0.425663 1.000000 0.425663 1.000000 0.523026 0.924507 0.523026
