0 0.291802 0.707455 0.417003 0.615285 0.450598 0.718337 0.325397 0.810508
0 0.001164 0.653880 0.100000 0.653880 0.100000 0.790710 0.001164 0.790710
0 0.000000 0.807322 0.161455 0.807322 0.161455 1.000000 0.000000 1.000000
0 0.632484 0.754266 0.887669 0.619224 0.938061 0.834258 0.682876 0.969301
0 0.196016 0.559632 0.367374 0.874242 0.249948 1.018674 0.078589 0.704064
0 0.383088 0.771173 0.505144 0.669922 0.541276 0.768280 0.419220 0.869532
0 0.488000 0.592787 0.714364 0.592787 0.714364 0.787432 0.488000 0.787432
0 0.357964 0.868306 0.655636 0.868306 0.655636 1.000000 0.357964 1.000000
0 0.506182 0.134098 0.893927 0.134098 0.893927 0.482295 0.506182 0.482295
0 0.113055 0.348634 0.326218 0.348634 0.326218 0.523552 0.113055 0.523552
0 0.000000 0.304044 0.106582 0.304044 0.106582 0.493825 0.000000 0.493825
0 0.001164 0.493661 0.113164 0.493661 0.113164 0.645628 0.001164 0.645628
0 0.868582 0.544809 1.000000 0.544809 1.000000 0.673716 0.868582 0.673716
0 0.664327 0.523552 0.832436 0.523552 0.832436 0.653880 0.664327 0.653880
0 0.410764 0.523552 0.585345 0.523552 0.585345 0.635738 0.410764 0.635738
0 0.181782 0.521803 0.356400 0.521803 0.356400 0.665574 0.181782 0.665574
