0 0.468594 0.549211 0.623062 0.549211 0.623062 0.664733 0.468594 0.664733
0 0.019578 0.608608 0.164047 0.608608 0.164047 0.710905 0.019578 0.710905
0 0.072425 0.519010 0.219844 0.447461 0.242888 0.552150 0.095468 0.623699
0 0.765297 0.339675 0.966406 0.339675 0.966406 0.498144 0.765297 0.498144
0 0.547500 0.245568 0.697500 0.245568 0.697500 0.366125 0.547500 0.366125
0 0.915687 0.149053 1.000000 0.278749 0.953750 0.345773 0.869110 0.216077
0 0.565312 0.375940 0.767500 0.375940 0.767500 0.517865 0.565312 0.517865
0 0.248849 0.456871 0.376275 0.557904 0.342635 0.651458 0.215209 0.550426
0 0.445627 0.397765 0.523503 0.339604 0.540795 0.390657 0.462918 0.448818
0 0.520070 0.386716 0.580973 0.341231 0.598258 0.392263 0.537355 0.437748
0 0.481706 0.430549 0.559313 0.422491 0.561998 0.479497 0.484390 0.487556
0 0.465317 0.496111 0.568503 0.485397 0.571620 0.551592 0.468435 0.562307
0 0.287391 0.476298 0.365254 0.418148 0.382546 0.469200 0.304683 0.527351
0 0.377477 0.552899 0.461091 0.490453 0.480742 0.548470 0.397128 0.610916
0 0.339830 0.523161 0.397529 0.409462 0.435826 0.452315 0.378127 0.566014
