0 0.402093 0.064048 0.483721 0.064048 0.483721 0.253988 0.402093 0.253988
0 0.643328 0.727397 0.737464 0.884125 0.692685 0.970460 0.598550 0.813732
0 0.559635 0.252202 0.714252 0.252202 0.714252 0.410774 0.559635 0.410774
0 0.821957 0.428565 0.910160 0.509782 0.849704 0.720542 0.761501 0.639325
0 0.548937 0.544940 0.663688 0.544940 0.663688 0.670417 0.548937 0.670417
0 0.329699 0.433014 0.424165 0.295467 0.462195 0.379307 0.367728 0.516855
0 0.090897 0.703512 0.213422 0.703512 0.213422 0.811548 0.090897 0.811548
0 0.301927 0.715714 0.429302 0.715714 0.429302 0.841131 0.301927 0.841131
0 0.523654 0.726131 0.597575 0.726131 0.597575 0.945714 0.523654 0.945714
0 0.449734 0.419464 0.521694 0.419464 0.521694 0.642500 0.449734 0.642500
0 0.694778 0.486553 0.727387 0.709254 0.663760 0.739162 0.631151 0.516460
