1 0.436008 0.556646 0.548738 0.633562 0.536059 0.666599 0.423328 0.589683
1 0.521748 0.377994 0.607035 0.325932 0.627418 0.385295 0.542132 0.437357
1 0.634454 0.523609 0.739217 0.595090 0.726530 0.628146 0.621767 0.556666
1 0.662767 0.513648 0.767545 0.585138 0.754866 0.618175 0.650088 0.546684
1 0.763092 0.532467 0.835560 0.603965 0.810924 0.648355 0.738457 0.576858
1 0.852696 0.554378 0.948462 0.718994 0.922888 0.745444 0.827121 0.580828
1 0.294550 0.358564 0.399313 0.430044 0.386634 0.463081 0.281870 0.391601
1 0.019220 0.217419 0.092738 0.284537 0.077013 0.315158 0.003495 0.248040
1 0.519437 0.776590 0.654483 0.868731 0.641796 0.901788 0.506751 0.809646
1 0.565001 0.757943 0.675476 0.833321 0.661999 0.868435 0.551524 0.793057
1 0.124874 0.351224 0.210572 0.409695 0.197893 0.442732 0.112195 0.384260
1 0.255332 0.438417 0.364676 0.496435 0.354384 0.530916 0.245041 0.472899
1 0.090953 0.291329 0.143135 0.407123 0.119263 0.426248 0.067081 0.310455
1 0.516660 0.625795 0.591201 0.676654 0.575006 0.718850 0.500466 0.667991
