5 0.364851 0.436790 0.427404 0.436790 0.427404 0.523125 0.364851 0.523125
5 0.251255 0.223636 0.313809 0.223636 0.313809 0.309972 0.251255 0.309972
5 0.320340 0.221591 0.382894 0.221591 0.382894 0.307926 0.320340 0.307926
5 0.179106 0.379403 0.241660 0.379403 0.241660 0.465739 0.179106 0.465739
5 0.288106 0.533125 0.350660 0.533125 0.350660 0.601136 0.288106 0.601136
5 0.395553 0.543381 0.458106 0.543381 0.458106 0.629716 0.395553 0.629716
5 0.552128 0.518778 0.614681 0.518778 0.614681 0.605114 0.552128 0.605114
5 0.605872 0.522869 0.668426 0.522869 0.668426 0.609233 0.605872 0.609233
5 0.615064 0.654062 0.677617 0.654062 0.677617 0.740398 0.615064 0.740398
5 0.762426 0.686761 0.814170 0.686761 0.814170 0.758807 0.762426 0.758807
5 0.750149 0.738097 0.801957 0.738097 0.801957 0.807926 0.750149 0.807926
5 0.271277 0.371193 0.332234 0.371193 0.332234 0.441193 0.271277 0.441193
5 0.246596 0.426534 0.301532 0.426534 0.301532 0.494403 0.246596 0.494403
5 0.803894 0.776989 0.863404 0.776989 0.863404 0.853125 0.803894 0.853125
5 0.766383 0.557670 0.797021 0.557670 0.797021 0.601989 0.766383 0.601989
5 0.795021 0.588494 0.825660 0.588494 0.825660 0.632812 0.795021 0.632812
5 0.766809 0.593977 0.797447 0.593977 0.797447 0.638295 0.766809 0.638295
5 0.836553 0.655597 0.867191 0.655597 0.867191 0.699915 0.836553 0.699915
5 0.868851 0.684347 0.899489 0.684347 0.899489 0.728665 0.868851 0.728665
5 0.904234 0.680227 0.934872 0.680227 0.934872 0.724545 0.904234 0.724545
5 0.969362 0.794574 1.000000 0.794574 1.000000 0.838892 0.969362 0.838892
5 0.957043 0.835653 0.987681 0.835653 0.987681 0.879972 0.957043 0.879972
