5 0.344994 0.851125 0.380147 0.851125 0.380147 0.911583 0.344994 0.911583
5 0.275730 0.565979 0.310883 0.565979 0.310883 0.626437 0.275730 0.626437
5 0.304405 0.447167 0.339558 0.447167 0.339558 0.507625 0.304405 0.507625
5 0.361779 0.473312 0.396945 0.473312 0.396945 0.533771 0.361779 0.533771
5 0.417767 0.112104 0.452920 0.112104 0.452920 0.172583 0.417767 0.172583
5 0.405166 0.546958 0.440331 0.546958 0.440331 0.607437 0.405166 0.607437
5 0.413571 0.642021 0.448724 0.642021 0.448724 0.702479 0.413571 0.702479
5 0.381374 0.767958 0.416540 0.767958 0.416540 0.828417 0.381374 0.828417
5 0.413571 0.782208 0.448724 0.782208 0.448724 0.842688 0.413571 0.842688
5 0.480736 0.539833 0.515902 0.539833 0.515902 0.600312 0.480736 0.600312
5 0.512933 0.418646 0.548086 0.418646 0.548086 0.479104 0.512933 0.479104
5 0.606699 0.178646 0.641853 0.178646 0.641853 0.239104 0.606699 0.239104
5 0.617890 0.240437 0.653055 0.240437 0.653055 0.300896 0.617890 0.300896
5 0.648687 0.245188 0.683840 0.245188 0.683840 0.305646 0.648687 0.305646
5 0.703264 0.421021 0.738417 0.421021 0.738417 0.481500 0.703264 0.481500
5 0.753644 0.440042 0.788810 0.440042 0.788810 0.500500 0.753644 0.500500
5 0.563313 0.440042 0.598466 0.440042 0.598466 0.500500 0.563313 0.500500
5 0.546515 0.563604 0.581681 0.563604 0.581681 0.624063 0.546515 0.624063
5 0.589902 0.530333 0.625055 0.530333 0.625055 0.590792 0.589902 0.590792
5 0.605301 0.601625 0.640454 0.601625 0.640454 0.662083 0.605301 0.662083
5 0.595497 0.675292 0.630663 0.675292 0.630663 0.735750 0.595497 0.735750
5 0.556319 0.739437 0.591472 0.739437 0.591472 0.799917 0.556319 0.799917
5 0.501730 0.729938 0.536896 0.729938 0.536896 0.790396 0.501730 0.790396
5 0.503129 0.834500 0.538294 0.834500 0.538294 0.894958 0.503129 0.894958
5 0.786135 0.248646 0.821288 0.248646 0.821288 0.309104 0.786135 0.309104
5 0.692834 0.174375 0.727988 0.174375 0.727988 0.234854 0.692834 0.234854
5 0.761828 0.129833 0.796994 0.129833 0.796994 0.190292 0.761828 0.190292
5 0.676307 0.147979 0.711472 0.147979 0.711472 0.208437 0.676307 0.208437
5 0.951350 0.677687 0.986503 0.677687 0.986503 0.738146 0.951350 0.738146
5 0.613239 0.888750 0.648393 0.888750 0.648393 0.949208 0.613239 0.949208
5 0.612847 0.799875 0.648000 0.799875 0.648000 0.860354 0.612847 0.860354
5 0.588245 0.741521 0.623399 0.741521 0.623399 0.801979 0.588245 0.801979
5 0.538245 0.941792 0.573411 0.941792 0.573411 1.000000 0.538245 1.000000
5 0.498798 0.958958 0.533963 0.958958 0.533963 1.000000 0.498798 1.000000
5 0.802908 0.180042 0.838061 0.180042 0.838061 0.240500 0.802908 0.240500
5 0.774196 0.210354 0.809362 0.210354 0.809362 0.270813 0.774196 0.270813
5 0.854184 0.051000 0.889350 0.051000 0.889350 0.111479 0.854184 0.111479
5 0.892429 0.022542 0.927583 0.022542 0.927583 0.083000 0.892429 0.083000
5 0.920491 0.007833 0.955644 0.007833 0.955644 0.068292 0.920491 0.068292
