5 0.485383 0.136161 0.564344 0.136161 0.564344 0.251116 0.485383 0.251116
5 0.117383 0.492679 0.196344 0.492679 0.196344 0.607619 0.117383 0.607619
5 0.221609 0.033051 0.300570 0.033051 0.300570 0.147991 0.221609 0.147991
5 0.779102 0.355565 0.858062 0.355565 0.858062 0.470506 0.779102 0.470506
5 0.508928 0.522125 0.540919 0.384620 0.596095 0.431193 0.564105 0.568699
5 0.312609 0.219539 0.391570 0.219539 0.391570 0.334479 0.312609 0.334479
5 0.360984 0.730729 0.439945 0.730729 0.439945 0.845685 0.360984 0.845685
5 0.254366 0.515548 0.286356 0.378043 0.341533 0.424616 0.309542 0.562121
5 0.265889 0.686679 0.297880 0.549173 0.353056 0.595747 0.321066 0.733252
5 0.396049 0.489219 0.428039 0.351714 0.483209 0.398281 0.451218 0.535786
5 0.330389 0.914849 0.362380 0.777343 0.417556 0.823916 0.385566 0.961422
