5 0.627653 0.536540 0.644347 0.536540 0.644347 0.561351 0.627653 0.561351
5 0.633853 0.591540 0.650547 0.591540 0.650547 0.616351 0.633853 0.616351
5 0.640813 0.617654 0.657507 0.617654 0.657507 0.642464 0.640813 0.642464
5 0.685693 0.635545 0.702387 0.635545 0.702387 0.660355 0.685693 0.660355
5 0.746040 0.727678 0.762733 0.727678 0.762733 0.752488 0.746040 0.752488
5 0.503853 0.627299 0.520547 0.627299 0.520547 0.652109 0.503853 0.652109
5 0.548733 0.608033 0.565427 0.608033 0.565427 0.632844 0.548733 0.632844
5 0.535587 0.562654 0.552280 0.562654 0.552280 0.587464 0.535587 0.587464
5 0.884547 0.584668 0.901227 0.584668 0.901227 0.609479 0.884547 0.609479
5 0.868293 0.701540 0.884987 0.701540 0.884987 0.726351 0.868293 0.726351
5 0.787053 0.603910 0.803747 0.603910 0.803747 0.628720 0.787053 0.628720
5 0.504627 0.554408 0.521320 0.554408 0.521320 0.579218 0.504627 0.579218
5 0.511600 0.587417 0.528293 0.587417 0.528293 0.612227 0.511600 0.612227
5 0.710453 0.597038 0.727147 0.597038 0.727147 0.621848 0.710453 0.621848
5 0.103427 0.613507 0.120120 0.613507 0.120120 0.643910 0.103427 0.643910
5 0.221440 0.616351 0.238133 0.616351 0.238133 0.642464 0.221440 0.642464
5 0.315067 0.665806 0.331760 0.665806 0.331760 0.690616 0.315067 0.690616
5 0.367680 0.628673 0.384373 0.628673 0.384373 0.653483 0.367680 0.653483
5 0.902333 0.586043 0.919027 0.586043 0.919027 0.610853 0.902333 0.610853
5 0.380067 0.528270 0.396747 0.528270 0.396747 0.553081 0.380067 0.553081
5 0.930960 0.620427 0.947653 0.620427 0.947653 0.645237 0.930960 0.645237
5 0.455120 0.570900 0.471800 0.570900 0.471800 0.595711 0.455120 0.595711
5 0.469813 0.679550 0.486507 0.679550 0.486507 0.704360 0.469813 0.704360
