5 0.631273 0.559413 0.684727 0.559413 0.684727 0.648534 0.631273 0.648534
5 0.605855 0.733636 0.644109 0.733636 0.644109 0.798094 0.605855 0.798094
5 0.627473 0.618827 0.680927 0.618827 0.680927 0.707977 0.627473 0.707977
5 0.567745 0.624985 0.621200 0.624985 0.621200 0.714135 0.567745 0.714135
5 0.668127 0.676246 0.721582 0.676246 0.721582 0.765367 0.668127 0.765367
5 0.138182 0.367771 0.191636 0.367771 0.191636 0.456891 0.138182 0.456891
5 0.323818 0.075689 0.392455 0.075689 0.392455 0.164809 0.323818 0.164809
5 0.815545 0.340088 0.875273 0.340088 0.875273 0.429208 0.815545 0.429208
5 0.495309 0.344194 0.548764 0.344194 0.548764 0.433314 0.495309 0.433314
5 0.098818 0.467155 0.152273 0.467155 0.152273 0.556305 0.098818 0.556305
5 0.225818 0.383138 0.304764 0.383138 0.304764 0.472258 0.225818 0.472258
5 0.321200 0.452815 0.374655 0.452815 0.374655 0.541965 0.321200 0.541965
5 0.435636 0.450762 0.496655 0.450762 0.496655 0.539912 0.435636 0.539912
5 0.206836 0.696716 0.274182 0.696716 0.274182 0.796188 0.206836 0.796188
5 0.659236 0.128974 0.712691 0.128974 0.712691 0.218094 0.659236 0.218094
5 0.729127 0.190469 0.782582 0.190469 0.782582 0.279589 0.729127 0.279589
5 0.805382 0.131026 0.858836 0.131026 0.858836 0.220147 0.805382 0.220147
5 0.779964 0.110528 0.818164 0.110528 0.818164 0.189413 0.779964 0.189413
5 0.912127 0.360587 0.965582 0.360587 0.965582 0.449707 0.912127 0.449707
5 0.923564 0.083871 0.977018 0.083871 0.977018 0.173021 0.923564 0.173021
5 0.580455 0.354428 0.633909 0.354428 0.633909 0.443578 0.580455 0.443578
5 0.627473 0.440528 0.680927 0.440528 0.680927 0.529648 0.627473 0.529648
5 0.561382 0.465103 0.614836 0.465103 0.614836 0.554252 0.561382 0.554252
5 0.469891 0.606540 0.532182 0.606540 0.532182 0.695660 0.469891 0.695660
5 0.572818 0.559413 0.622545 0.559413 0.622545 0.640469 0.572818 0.640469
5 0.659236 0.520469 0.703818 0.520469 0.703818 0.589120 0.659236 0.589120
5 0.266545 0.643431 0.328909 0.643431 0.328909 0.732581 0.266545 0.732581
5 0.326291 0.536862 0.389818 0.536862 0.389818 0.625982 0.326291 0.625982
5 0.328836 0.655748 0.384909 0.655748 0.384909 0.744868 0.328836 0.744868
5 0.466073 0.704927 0.550000 0.704927 0.550000 0.794047 0.466073 0.794047
5 0.481327 0.821760 0.534782 0.821760 0.534782 0.910880 0.481327 0.910880
5 0.533418 0.817654 0.613636 0.817654 0.613636 0.906774 0.533418 0.906774
5 0.669455 0.756158 0.727945 0.756158 0.727945 0.845308 0.669455 0.845308
5 0.947709 0.159707 0.994727 0.159707 0.994727 0.234604 0.947709 0.234604
5 0.969273 0.221114 1.000000 0.221114 1.000000 0.269208 0.969273 0.269208
