0 0.983651 0.168065 0.931170 0.216024 0.876448 0.132913 0.928930 0.084954
0 0.408335 0.070271 0.501917 0.180907 0.327588 0.385568 0.234006 0.274933
0 0.552419 0.339462 0.591710 0.368387 0.541076 0.463852 0.501784 0.434927
0 0.720591 0.139002 0.759915 0.167839 0.709422 0.263407 0.670098 0.234570
0 0.838673 0.006804 0.882100 0.025830 0.856382 0.107298 0.812956 0.088272
0 0.500842 0.149896 0.546398 0.159843 0.528985 0.270527 0.483429 0.260580
0 0.329277 0.395461 0.371734 0.417314 0.335841 0.514101 0.293384 0.492248
0 0.223096 0.546756 0.253567 0.605108 0.151117 0.679361 0.120646 0.621009
0 0.091330 0.732266 0.132691 0.773443 0.066761 0.865355 0.025401 0.824178
0 0.421798 0.279720 0.452843 0.302485 0.406665 0.389886 0.375620 0.367121
0 0.443216 0.327662 0.478605 0.362894 0.429064 0.431959 0.393675 0.396727
0 0.437188 0.528138 0.466948 0.548462 0.430767 0.621993 0.401007 0.601669
0 0.367726 0.518656 0.441342 0.591946 0.277106 0.820906 0.203490 0.747616

width height 807 685