0 0.573927 0.474107 0.643652 0.474107 0.643652 0.549405 0.573927 0.549405
0 0.277837 0.590030 0.302554 0.590030 0.302554 0.671429 0.277837 0.671429
0 0.512488 0.391890 0.564784 0.391890 0.564784 0.429107 0.512488 0.429107
0 0.507745 0.576429 0.542962 0.576429 0.542962 0.602530 0.507745 0.602530
0 0.571473 0.594792 0.610324 0.594792 0.610324 0.624792 0.571473 0.624792
0 0.650743 0.530759 0.673912 0.586562 0.660447 0.604449 0.637278 0.548646
0 0.769218 0.492411 0.795391 0.492411 0.795391 0.516592 0.769218 0.516592
0 0.806345 0.535675 0.837363 0.547772 0.834304 0.572867 0.803286 0.560770
0 0.813207 0.608485 0.818931 0.561918 0.835312 0.568360 0.829588 0.614927
0 0.595441 0.635253 0.621131 0.635253 0.621131 0.657589 0.595441 0.657589
0 0.627862 0.651607 0.653161 0.651607 0.653161 0.668899 0.627862 0.668899
0 0.500582 0.441414 0.539434 0.441414 0.539434 0.471875 0.500582 0.471875
0 0.903225 0.511554 0.920364 0.459302 0.931658 0.471155 0.914520 0.523406

width height 1202 672