0 0.272947 0.639275 0.323939 0.639275 0.323939 0.688582 0.272947 0.688582
0 0.351393 0.082015 0.394537 0.082015 0.394537 0.141642 0.351393 0.141642
0 0.402385 0.062527 0.457301 0.062527 0.457301 0.115267 0.402385 0.115267
0 0.363946 0.342303 0.409446 0.342303 0.409446 0.393891 0.363946 0.393891
0 0.256470 0.632388 0.280788 0.632388 0.280788 0.656471 0.256470 0.656471
0 0.319657 0.607719 0.343975 0.607719 0.343975 0.631802 0.319657 0.631802
0 0.376142 0.613454 0.400460 0.613454 0.400460 0.637537 0.376142 0.637537
0 0.322794 0.639829 0.347112 0.639829 0.347112 0.663913 0.322794 0.663913
0 0.351036 0.593966 0.378483 0.593966 0.378483 0.620362 0.351036 0.620362
0 0.398104 0.648998 0.425565 0.648998 0.425565 0.677719 0.398104 0.677719
0 0.591875 0.482740 0.616193 0.482740 0.616193 0.506823 0.591875 0.506823
0 0.595011 0.522878 0.619329 0.522878 0.619329 0.546951 0.595011 0.546951
0 0.545587 0.520576 0.569905 0.520576 0.569905 0.544659 0.545587 0.544659
0 0.551867 0.536631 0.576185 0.536631 0.576185 0.560714 0.551867 0.560714
0 0.488322 0.593966 0.512640 0.593966 0.512640 0.618038 0.488322 0.618038
0 0.468709 0.582495 0.493027 0.582495 0.493027 0.606578 0.468709 0.606578
0 0.464785 0.630661 0.489103 0.630661 0.489103 0.654733 0.464785 0.654733
0 0.436543 0.636386 0.460861 0.636386 0.460861 0.660469 0.436543 0.660469
0 0.434194 0.575618 0.458512 0.575618 0.458512 0.599701 0.434194 0.599701
0 0.401240 0.544659 0.425565 0.544659 0.425565 0.568742 0.401240 0.568742
0 0.479694 0.536631 0.504012 0.536631 0.504012 0.560714 0.479694 0.560714
0 0.529898 0.567591 0.554216 0.567591 0.554216 0.591674 0.529898 0.591674
0 0.514996 0.550394 0.539314 0.550394 0.539314 0.574467 0.514996 0.574467
0 0.477338 0.560714 0.501656 0.560714 0.501656 0.584787 0.477338 0.584787
0 0.813100 0.256855 0.837418 0.256855 0.837418 0.280938 0.813100 0.280938
0 0.772305 0.230490 0.796623 0.230490 0.796623 0.254563 0.772305 0.254563
0 0.727586 0.225896 0.751911 0.225896 0.751911 0.249979 0.727586 0.249979
0 0.926061 0.170864 0.950379 0.170864 0.950379 0.194947 0.926061 0.194947
0 0.966856 0.247687 0.991174 0.247687 0.991174 0.271770 0.966856 0.271770
0 0.900963 0.244243 0.925281 0.244243 0.925281 0.268326 0.900963 0.268326
0 0.513428 0.503380 0.537746 0.503380 0.537746 0.533156 0.513428 0.533156
0 0.848544 0.605908 0.848713 0.641451 0.832244 0.641619 0.832074 0.606076
0 0.440985 0.598518 0.465310 0.598518 0.465310 0.622601 0.440985 0.622601
0 0.110190 0.801493 0.168344 0.801493 0.168344 0.842111 0.110190 0.842111
0 0.937746 0.078721 0.962064 0.078721 0.962064 0.102793 0.937746 0.102793
0 0.854193 0.747821 0.854363 0.783364 0.837886 0.783532 0.837716 0.747990
0 0.863219 0.767624 0.863389 0.803167 0.846920 0.803335 0.846750 0.767792
0 0.877894 0.782475 0.878064 0.818018 0.861595 0.818186 0.861425 0.782643
0 0.850797 0.675215 0.850967 0.710758 0.834498 0.710926 0.834328 0.675383
0 0.859835 0.681814 0.860004 0.717357 0.843535 0.717525 0.843365 0.681982

width height 1371 938