0 0.649913 0.383524 0.929966 0.509363 0.882980 0.612922 0.602928 0.487083
0 0.120904 0.200230 0.317291 0.385696 0.251747 0.454432 0.055360 0.268966
0 0.591845 0.401468 0.732207 0.637664 0.660722 0.679737 0.520359 0.443541
0 0.240119 0.163213 0.410136 0.303185 0.350244 0.375233 0.180227 0.235261
0 0.336705 0.393920 0.536429 0.582537 0.470885 0.651273 0.271162 0.462656
0 0.767287 0.579898 0.958870 0.760827 0.893318 0.829572 0.701735 0.648642
0 0.685805 0.643232 0.857032 0.804938 0.805139 0.859358 0.633912 0.697653
0 0.836424 0.868497 0.936878 0.963365 0.897777 1.004371 0.797323 0.909502
0 0.582308 0.549039 0.654105 0.654572 0.616602 0.679841 0.544805 0.574308
0 0.219119 0.118684 0.345130 0.147405 0.331922 0.204798 0.205911 0.176077
0 0.323884 0.321798 0.507231 0.472745 0.447339 0.544792 0.263992 0.393846
0 0.854894 0.531275 1.023977 0.671969 0.965167 0.741966 0.796084 0.601272
0 0.194219 -0.014237 0.319498 0.042056 0.295151 0.095719 0.169872 0.039426
0 0.166865 0.048956 0.340387 0.088506 0.327178 0.145900 0.153657 0.106349
0 0.400708 0.124825 0.572420 0.413775 0.480563 0.467838 0.308851 0.178888
0 0.562767 0.283202 0.656786 0.361435 0.625405 0.398786 0.531386 0.320553

width height 826 830