0 0.621083 0.326671 0.678439 0.180614 0.712509 0.210717 0.655153 0.356774
0 0.383161 0.856942 0.470825 0.908211 0.452114 0.980195 0.364450 0.928927
0 0.505996 0.666220 0.674547 0.764793 0.644545 0.880218 0.475995 0.781645
0 0.547860 0.570315 0.716410 0.668888 0.690165 0.769860 0.521615 0.671287
0 0.483342 0.332066 0.576910 0.203906 0.617683 0.270884 0.524115 0.399044
0 0.717551 0.212331 0.859287 0.171774 0.872724 0.277432 0.730988 0.317988
0 0.658035 0.346806 0.799770 0.306249 0.813207 0.411907 0.671471 0.452463
0 0.401975 0.879143 0.476583 0.735903 0.520659 0.787557 0.446051 0.930797
0 0.507576 0.456352 0.614934 0.319299 0.647416 0.376548 0.540058 0.513601
0 0.631405 0.424954 0.738167 0.541733 0.703262 0.613533 0.596500 0.496754
0 0.759900 0.485625 0.856433 0.485625 0.856433 0.553500 0.759900 0.553500
0 0.712908 0.453425 0.781583 0.453425 0.781583 0.521350 0.712908 0.521350
0 0.584713 0.516089 0.680304 0.563233 0.665229 0.632011 0.569638 0.584867
0 0.513203 0.536279 0.593407 0.437107 0.625922 0.496271 0.545718 0.595443
0 0.804000 0.341000 0.864558 0.341000 0.864558 0.400187 0.804000 0.400187

width height 1200 800