0 0.491685 0.279611 0.535768 0.279611 0.535768 0.343778 0.491685 0.343778
0 0.460693 0.753611 0.534007 0.753611 0.534007 0.866611 0.460693 0.866611
0 0.227322 0.709037 0.280506 0.709037 0.280506 0.794981 0.227322 0.794981
0 0.674831 0.666074 0.726348 0.666074 0.726348 0.758333 0.674831 0.758333
0 0.236180 0.620704 0.282921 0.620704 0.282921 0.718593 0.236180 0.718593
0 0.184757 0.736889 0.237060 0.736889 0.237060 0.833981 0.184757 0.833981
0 0.698989 0.524407 0.746461 0.524407 0.746461 0.618315 0.698989 0.618315
0 0.698989 0.607981 0.728764 0.607981 0.728764 0.674815 0.698989 0.674815
0 0.815581 0.597630 0.857509 0.597630 0.857509 0.679593 0.815581 0.679593
0 0.774551 0.751222 0.820487 0.751222 0.820487 0.810907 0.774551 0.810907
0 0.668498 0.873327 0.695626 0.880817 0.681988 0.929118 0.654861 0.921628
0 0.371979 0.794685 0.442079 0.760575 0.460268 0.797130 0.390168 0.831240
0 0.351057 0.868911 0.388022 0.827593 0.409523 0.846404 0.372558 0.887722
0 0.685718 0.777553 0.701276 0.746963 0.722840 0.757688 0.707282 0.788278
0 0.762881 0.735011 0.775882 0.656501 0.816520 0.663082 0.803519 0.741592
0 0.795777 0.744891 0.806656 0.679192 0.847313 0.685776 0.836434 0.751475
0 0.373483 0.333463 0.430262 0.333463 0.430262 0.432019 0.373483 0.432019
0 0.728090 0.331185 0.790655 0.331185 0.790655 0.435463 0.728090 0.435463
0 0.110431 0.366704 0.174176 0.366704 0.174176 0.444630 0.110431 0.444630
0 0.179963 0.122611 0.234438 0.122611 0.234438 0.216574 0.179963 0.216574
0 0.062921 0.441185 0.124345 0.441185 0.124345 0.525981 0.062921 0.525981
0 0.390861 0.515667 0.437228 0.515667 0.437228 0.600481 0.390861 0.600481
0 0.388558 0.473278 0.466199 0.473278 0.466199 0.663500 0.388558 0.663500
0 0.195037 0.640593 0.232116 0.640593 0.232116 0.721944 0.195037 0.721944
0 0.290056 0.297944 0.344513 0.297944 0.344513 0.407963 0.290056 0.407963
0 0.358427 0.264704 0.455768 0.264704 0.455768 0.326593 0.358427 0.326593
0 0.767491 0.202833 0.805730 0.202833 0.805730 0.292222 0.767491 0.292222
0 0.124345 0.242944 0.181124 0.242944 0.181124 0.335759 0.124345 0.335759
0 0.534569 0.106574 0.593670 0.106574 0.593670 0.173037 0.534569 0.173037
0 0.414045 0.430870 0.477790 0.430870 0.477790 0.467537 0.414045 0.467537
0 0.475468 0.379315 0.542678 0.379315 0.542678 0.449204 0.475468 0.449204
0 0.797154 0.321278 0.840487 0.321278 0.840487 0.394519 0.797154 0.394519
0 0.872191 0.324148 0.971798 0.324148 0.971798 0.382963 0.872191 0.382963
0 0.544981 0.310463 0.623221 0.310463 0.623221 0.362963 0.544981 0.362963
0 0.378221 0.912667 0.427397 0.912667 0.427397 0.961852 0.378221 0.961852

width height 534 540