0 0.203598 0.513220 0.231666 0.382562 0.257319 0.432158 0.229251 0.562816
0 0.398794 0.498495 0.457003 0.546924 0.449596 0.627051 0.391387 0.578622
0 0.394075 0.420063 0.434682 0.323511 0.451898 0.388676 0.411292 0.485228
0 0.320518 0.377978 0.374872 0.346282 0.380162 0.427926 0.325808 0.459622
0 0.432565 0.467908 0.477261 0.389239 0.491287 0.460958 0.446591 0.539627
0 0.206463 0.374899 0.245745 0.273536 0.263824 0.336592 0.224542 0.437955
0 0.339694 0.537185 0.393884 0.551408 0.391469 0.634243 0.337278 0.620020
0 0.142945 0.345365 0.188529 0.419306 0.175346 0.492450 0.129762 0.418509
0 0.151464 0.600399 0.212066 0.600399 0.212066 0.692458 0.151464 0.692458
0 0.556305 0.177957 0.607561 0.249660 0.594213 0.335531 0.542957 0.263828
0 0.602076 0.175727 0.647654 0.249659 0.634471 0.322802 0.588893 0.248871
0 0.675032 0.135265 0.734537 0.231789 0.714506 0.342928 0.655001 0.246404
0 0.247428 0.359375 0.284900 0.306716 0.293265 0.360289 0.255793 0.412948
0 0.747893 0.242404 0.816380 0.353496 0.800749 0.440222 0.732262 0.329130
0 0.114944 0.608749 0.141529 0.641783 0.135427 0.685978 0.108842 0.652944
0 0.827644 0.512713 0.893386 0.576795 0.878945 0.710123 0.813204 0.646041
0 0.926281 0.691653 0.979277 0.796487 0.957536 0.895406 0.904539 0.790572
0 0.047880 0.600260 0.096528 0.739728 0.070727 0.820728 0.022078 0.681259
0 0.100351 0.577305 0.108189 0.730958 0.080790 0.743535 0.072953 0.589883
0 0.091040 0.526270 0.143144 0.469994 0.153904 0.559654 0.101800 0.615930
0 0.120916 0.701516 0.152470 0.678789 0.157235 0.738337 0.125681 0.761063
0 0.312604 0.303007 0.360228 0.241773 0.367922 0.295627 0.320298 0.356862
0 0.299082 0.569306 0.334754 0.537809 0.340035 0.591640 0.304363 0.623136
0 0.302911 0.496085 0.347888 0.435728 0.356361 0.492550 0.311384 0.552907

width height 1428 476