0 0.474965 0.456429 0.500354 0.443145 0.518424 0.521113 0.493035 0.534398
0 0.486565 0.588891 0.512129 0.608547 0.505549 0.627866 0.479986 0.608211
0 0.514773 0.601674 0.540341 0.621333 0.535685 0.635003 0.510118 0.615344
0 0.458932 0.601863 0.481666 0.605997 0.480434 0.621299 0.457699 0.617166
0 0.072980 0.391392 0.092461 0.418975 0.082508 0.434844 0.063028 0.407261
0 0.069119 0.436546 0.097637 0.431437 0.099124 0.450167 0.070605 0.455276
0 0.338581 0.553978 0.374977 0.576742 0.368841 0.598891 0.332445 0.576127
0 0.378474 0.584526 0.407969 0.599269 0.403411 0.619854 0.373916 0.605112
0 0.399574 0.612743 0.420239 0.628632 0.416197 0.640500 0.395533 0.624611
0 0.514677 0.687614 0.536506 0.702493 0.532496 0.715775 0.510667 0.700897
0 0.422441 0.630636 0.443379 0.646735 0.439576 0.657904 0.418637 0.641804

width height 2048 1363