0 0.087596 0.713067 0.149782 0.656343 0.290842 0.829038 0.228656 0.885762
0 0.237630 0.872812 0.280510 0.862184 0.301530 0.956889 0.258650 0.967517
0 0.339170 0.078204 0.397334 0.078204 0.397334 0.211311 0.339170 0.211311
0 0.375908 0.326522 0.434063 0.326522 0.434063 0.452735 0.375908 0.452735
0 0.490462 0.288148 0.534378 0.317035 0.474098 0.419376 0.430182 0.390489
0 0.304688 0.108978 0.342061 0.108978 0.342061 0.189990 0.304688 0.189990
0 0.662801 0.188123 0.719591 0.236031 0.606915 0.385190 0.550125 0.337281
0 0.444194 0.412810 0.513830 0.439159 0.463111 0.588851 0.393475 0.562503
0 0.327214 0.615393 0.416913 0.644554 0.355931 0.854029 0.266232 0.824868
0 0.503490 0.475107 0.541296 0.489806 0.503023 0.599733 0.465218 0.585034
0 0.558661 0.352127 0.586325 0.380358 0.538859 0.432300 0.511195 0.404069
0 0.052463 0.787945 0.106805 0.738376 0.229500 0.888587 0.175158 0.938157

width height 1024 969