0 0.001915 0.689814 0.128723 0.689814 0.128723 0.800698 0.001915 0.800698
0 0.616085 0.705581 0.799064 0.705581 0.799064 0.848233 0.616085 0.848233
0 0.855234 0.875953 0.985660 0.875953 0.985660 0.965070 0.855234 0.965070
0 0.474766 0.683721 0.628766 0.683721 0.628766 0.796744 0.474766 0.796744
0 0.118400 0.269019 0.346484 0.470899 0.280366 0.560144 0.052282 0.358264
0 0.167435 0.549622 0.478874 0.541303 0.481970 0.679773 0.170531 0.688093
0 0.404128 0.745256 0.501957 0.745256 0.501957 0.858140 0.404128 0.858140
0 0.164979 0.735395 0.291787 0.735395 0.291787 0.820512 0.164979 0.820512
0 0.038170 0.022512 0.224766 0.022512 0.224766 0.167070 0.038170 0.167070
0 0.424043 0.068047 0.550851 0.068047 0.550851 0.174977 0.424043 0.174977
0 0.605191 0.408837 0.708468 0.408837 0.708468 0.507442 0.605191 0.507442
0 0.661362 0.232419 0.817191 0.232419 0.817191 0.371023 0.661362 0.371023
0 0.857021 0.222512 0.954851 0.222512 0.954851 0.365070 0.857021 0.365070

width height 235 215