0 0.667507 0.422707 0.771843 0.337738 0.789562 0.411918 0.685226 0.496888
0 0.377376 0.315626 0.655791 0.523327 0.594215 0.804739 0.315799 0.597037
0 0.696611 0.000000 0.820842 0.000000 0.820842 0.042994 0.696611 0.042994
0 0.610413 0.236167 0.695384 0.388740 0.657300 0.461050 0.572329 0.308477
0 0.520590 0.301070 0.624199 0.396870 0.603765 0.472212 0.500157 0.376412
0 0.039335 0.678234 0.163555 0.678234 0.163555 0.783858 0.039335 0.783858
0 0.202957 0.731221 0.296428 0.677465 0.309995 0.757896 0.216524 0.811652
0 0.154218 0.607896 0.253702 0.583712 0.259223 0.661144 0.159739 0.685328
0 0.741268 0.217850 0.861050 0.217850 0.861050 0.316891 0.741268 0.316891

width height 962 521