0 0.686431 0.084940 0.702156 0.090141 0.691395 0.108440 0.675670 0.103239
0 0.662031 0.202086 0.673064 0.204072 0.668809 0.217364 0.657776 0.215378
0 0.636037 0.595583 0.653197 0.596078 0.651750 0.624337 0.634589 0.623842
0 0.174339 0.820453 0.184480 0.816374 0.193648 0.829197 0.183507 0.833276
0 0.261780 0.430582 0.278715 0.432776 0.271914 0.462308 0.254978 0.460114
0 0.544764 0.661961 0.567088 0.662429 0.566103 0.688889 0.543778 0.688421
0 0.543220 0.851161 0.559669 0.854862 0.552006 0.874019 0.535557 0.870318
0 0.134840 0.380430 0.161067 0.380430 0.161067 0.404100 0.134840 0.404100
0 0.160627 0.262740 0.196187 0.262740 0.196187 0.289080 0.160627 0.289080
0 0.251293 0.311260 0.269907 0.311260 0.269907 0.334300 0.251293 0.334300
0 0.209947 0.361610 0.235333 0.361610 0.235333 0.392600 0.209947 0.392600
0 0.625151 0.271788 0.645612 0.277223 0.633889 0.302052 0.613428 0.296617
0 0.603229 0.309454 0.616642 0.312131 0.607611 0.337586 0.594198 0.334909
0 0.624933 0.330700 0.637067 0.330700 0.637067 0.350600 0.624933 0.350600
0 0.597834 0.342164 0.608698 0.345843 0.599979 0.360326 0.589115 0.356647
0 0.652615 0.123868 0.667521 0.127073 0.660678 0.144972 0.645772 0.141767
0 0.438533 0.092300 0.461387 0.092300 0.461387 0.105300 0.438533 0.105300
0 0.151250 0.202325 0.170667 0.196352 0.185390 0.223275 0.165973 0.229248
0 0.459805 0.561211 0.475852 0.565855 0.463209 0.590429 0.447162 0.585785
0 0.647866 0.259339 0.643016 0.270806 0.620254 0.265391 0.625104 0.253924
0 0.701613 0.060390 0.716375 0.066991 0.702721 0.084170 0.687958 0.077569
0 0.135333 0.719700 0.151747 0.719700 0.151747 0.739700 0.135333 0.739700

width height 750 1000