0 0.541447 0.582371 0.554115 0.599902 0.539978 0.636962 0.527310 0.619432
0 0.599042 0.383016 0.612717 0.383016 0.612717 0.458159 0.599042 0.458159
0 0.572942 0.468386 0.587481 0.472822 0.583283 0.522741 0.568744 0.518305
0 0.550041 0.538588 0.562752 0.528559 0.572817 0.574841 0.560106 0.584870
0 0.545338 0.639472 0.558031 0.647094 0.550037 0.695386 0.537344 0.687763
0 0.588370 0.566327 0.600340 0.577694 0.589605 0.618705 0.577635 0.607338
0 0.573191 0.619270 0.585545 0.622997 0.580584 0.682666 0.568230 0.678939
0 0.564975 0.595413 0.574818 0.609034 0.562092 0.642397 0.552249 0.628775
0 0.604110 0.740306 0.619746 0.739058 0.621324 0.810757 0.605687 0.812005
0 0.542982 0.887199 0.556123 0.891208 0.552810 0.930611 0.539669 0.926601
0 0.556923 0.850278 0.570064 0.854287 0.566752 0.893674 0.553611 0.889665
0 0.590853 0.780532 0.602753 0.791882 0.593372 0.827563 0.581472 0.816213
0 0.559637 0.794124 0.569754 0.786023 0.582038 0.841686 0.571921 0.849787
0 0.582915 0.834216 0.596147 0.838252 0.591801 0.889927 0.578570 0.885890
0 0.596100 0.854824 0.606586 0.852478 0.609725 0.903382 0.599239 0.905728
0 0.611333 0.321857 0.628900 0.321857 0.628900 0.411746 0.611333 0.411746

width height 1200 630