0 0.759519 0.546328 0.804689 0.516548 0.840103 0.621041 0.794933 0.650821
0 0.789217 0.660486 0.834387 0.630706 0.869802 0.735199 0.824632 0.764979
0 0.693585 0.720000 0.778943 0.720000 0.778943 0.797053 0.693585 0.797053
0 0.239660 0.454368 0.291736 0.454368 0.291736 0.553263 0.239660 0.553263
0 0.348981 0.315105 0.417698 0.315105 0.417698 0.395000 0.348981 0.395000
0 0.328151 0.246737 0.412491 0.246737 0.412491 0.313526 0.328151 0.313526
0 0.639434 0.441421 0.764528 0.441421 0.764528 0.691211 0.639434 0.691211
0 0.158936 0.208032 0.297766 0.156511 0.348649 0.423231 0.209819 0.474752
0 0.469736 0.261053 0.639434 0.261053 0.639434 0.537105 0.469736 0.537105
0 0.391509 0.421158 0.441358 0.421158 0.441358 0.548368 0.391509 0.548368

width height 265 190