0 0.411653 0.508366 0.410682 0.571094 0.396403 0.570282 0.397374 0.507554
0 0.424304 0.589091 0.457039 0.590186 0.456790 0.617565 0.424055 0.616469
0 0.369292 0.578509 0.407804 0.579798 0.407453 0.618319 0.368941 0.617030
0 0.333671 0.483787 0.366397 0.484882 0.366148 0.512261 0.333422 0.511166
0 0.420573 0.479018 0.505219 0.384586 0.524653 0.448590 0.440007 0.543022
0 0.418231 0.310529 0.459236 0.348355 0.450928 0.381447 0.409923 0.343620
0 0.357227 0.308389 0.402708 0.305496 0.403343 0.342201 0.357862 0.345093
0 0.336650 0.345178 0.373521 0.355110 0.370855 0.391477 0.333984 0.381545
0 0.382074 0.391963 0.415043 0.371429 0.420964 0.406356 0.387995 0.426890
0 0.431277 0.368024 0.473957 0.398286 0.466779 0.435477 0.424100 0.405215
0 0.356833 0.396092 0.397838 0.433919 0.389451 0.467322 0.348446 0.429496
0 0.370255 0.456871 0.404799 0.488738 0.396490 0.521829 0.361946 0.489962
0 0.355580 0.516914 0.385586 0.551885 0.377657 0.576882 0.347651 0.541911
0 0.333152 0.422480 0.364967 0.451829 0.356658 0.484920 0.324843 0.455571
0 0.417837 0.531102 0.449975 0.543076 0.446964 0.572763 0.414826 0.560789
0 0.413515 0.447516 0.428792 0.515838 0.415662 0.526626 0.400385 0.458304

width height 1106 577