0 0.577026 0.460571 0.611290 0.460571 0.611290 0.490420 0.577026 0.490420
0 0.255497 0.642802 0.293164 0.642802 0.293164 0.701245 0.255497 0.701245
0 0.596195 0.768854 0.659542 0.768854 0.659542 0.815840 0.596195 0.815840
0 0.592770 0.697807 0.659542 0.697807 0.659542 0.747080 0.592770 0.747080
0 0.500324 0.733330 0.567089 0.733330 0.567089 0.792920 0.500324 0.792920
0 0.238379 0.875429 0.323982 0.875429 0.323982 0.925849 0.238379 0.925849
0 0.576047 0.553920 0.623347 0.553920 0.623347 0.600292 0.576047 0.600292
0 0.584968 0.362991 0.661388 0.362991 0.661388 0.463651 0.584968 0.463651
0 0.560289 0.325981 0.601734 0.325981 0.601734 0.357165 0.560289 0.357165
0 0.546786 0.368892 0.584214 0.368892 0.584214 0.404071 0.546786 0.404071
0 0.405793 0.464835 0.473925 0.464835 0.473925 0.505877 0.405793 0.505877

width height 1419 2120