0 0.741441 0.441091 0.812656 0.478652 0.768140 0.783940 0.696924 0.746379
0 0.286935 0.135092 0.534194 0.135092 0.534194 0.377301 0.286935 0.377301
0 0.041032 0.403129 0.179000 0.403129 0.179000 0.588466 0.041032 0.588466
0 0.003548 0.682577 0.104032 0.682577 0.104032 0.842270 0.003548 0.842270
0 0.081516 0.825153 0.255452 0.825153 0.255452 1.000000 0.081516 1.000000
0 0.768226 0.320429 0.898677 0.320429 0.898677 0.480123 0.768226 0.480123
0 0.303113 0.572032 0.487725 0.303594 0.550500 0.459748 0.365888 0.728185
0 0.508581 0.560123 0.643516 0.560123 0.643516 0.696810 0.508581 0.696810
0 0.565988 0.425976 0.709127 0.257188 0.751657 0.387644 0.608519 0.556432
0 0.613704 0.704716 0.764676 0.761568 0.750716 0.895652 0.599744 0.838800
0 0.395129 0.860675 0.505194 0.860675 0.505194 0.977914 0.395129 0.977914
0 0.488839 0.955828 0.607097 0.955828 0.607097 1.000000 0.488839 1.000000
0 0.793548 0.705399 0.913645 0.705399 0.913645 0.817485 0.793548 0.817485
0 0.518065 0.770920 0.619968 0.770920 0.619968 0.877853 0.518065 0.877853
0 0.605484 0.868098 0.707387 0.868098 0.707387 1.000000 0.605484 1.000000

width height 310 163