0 0.317185 0.517147 0.356419 0.446743 0.382440 0.470501 0.343206 0.540905
0 0.051722 0.663356 0.118766 0.674045 0.114816 0.714644 0.047771 0.703955
0 0.329871 0.549890 0.387844 0.594301 0.371429 0.629406 0.313456 0.584995
0 0.167817 0.485478 0.254173 0.477942 0.257026 0.531514 0.170671 0.539050
0 0.581176 0.538282 0.668667 0.533197 0.670543 0.586070 0.583052 0.591155
0 0.399246 0.407637 0.454094 0.368882 0.469541 0.404699 0.414693 0.443454
0 0.426058 0.425806 0.503174 0.438101 0.498505 0.486090 0.421388 0.473795
0 0.731381 0.408068 0.840143 0.367094 0.853382 0.424668 0.744619 0.465642
0 0.247415 0.579151 0.297760 0.513804 0.320522 0.542537 0.270178 0.607884
0 0.302388 0.387553 0.396746 0.402596 0.391850 0.452911 0.297491 0.437868
0 0.543801 0.463638 0.590903 0.525636 0.567536 0.554722 0.520434 0.492724
0 0.436196 0.336906 0.487308 0.313610 0.495936 0.344622 0.444823 0.367918
0 0.589122 0.219456 0.664651 0.231498 0.660491 0.274248 0.584962 0.262206
0 0.475640 0.252159 0.546867 0.304374 0.526041 0.350921 0.454814 0.298706
0 0.504358 0.416837 0.560123 0.415965 0.560410 0.446099 0.504646 0.446971
0 0.606561 0.382163 0.722081 0.400581 0.716339 0.459597 0.600819 0.441179
0 0.694602 0.505258 0.766306 0.466865 0.779548 0.507382 0.707844 0.545775
0 0.734033 0.294118 0.791329 0.248291 0.808267 0.282986 0.750971 0.328813
0 0.674051 0.345375 0.718304 0.289905 0.737449 0.314929 0.693196 0.370399
0 0.718395 0.396393 0.765834 0.334817 0.788592 0.363543 0.741153 0.425119
0 0.527871 0.349484 0.597633 0.383761 0.586179 0.421956 0.516417 0.387679
0 0.546901 0.251164 0.617995 0.285187 0.606799 0.323516 0.535705 0.289493
0 0.546339 0.307355 0.604229 0.331432 0.594192 0.370973 0.536302 0.346896
0 0.628495 0.308207 0.698618 0.377329 0.672473 0.420785 0.602351 0.351663

width height 1600 1250