0 0.438147 0.640262 0.565173 0.640262 0.565173 0.744219 0.438147 0.744219
0 0.431467 0.190398 0.680353 0.190398 0.680353 0.337119 0.431467 0.337119
0 0.689940 0.216169 0.765933 0.216169 0.765933 0.278875 0.689940 0.278875
0 0.583327 0.176528 0.703553 0.176528 0.703553 0.257420 0.583327 0.257420
0 0.349673 0.640262 0.438147 0.640262 0.438147 0.729370 0.349673 0.729370
0 0.207900 0.673269 0.281620 0.673269 0.281620 0.722774 0.207900 0.722774
0 0.762527 0.770621 0.858940 0.770621 0.858940 0.826731 0.762527 0.826731
0 0.864080 0.768972 0.960493 0.768972 0.960493 0.825082 0.864080 0.825082
0 0.008887 0.788778 0.118933 0.788778 0.118933 0.858099 0.008887 0.858099

width height 1500 1031