0 0.033898 0.864897 0.224232 0.836815 0.232094 0.931977 0.041759 0.960059
0 0.027542 0.417515 0.426134 0.321673 0.451515 0.510181 0.052922 0.606024
0 0.002543 0.090423 0.207009 0.092807 0.204912 0.413800 0.000447 0.411416
0 0.896807 0.593157 1.001920 0.594383 1.000648 0.789128 0.895536 0.787903
0 0.563184 0.385259 0.996415 0.370099 1.000701 0.588854 0.567471 0.604014
0 0.273405 0.171041 0.745877 0.165531 0.747293 0.382433 0.274821 0.387943
0 0.234058 0.557131 0.872532 0.566066 0.870224 0.860584 0.231750 0.851649
0 0.827613 0.061698 1.001191 0.063723 0.999514 0.320477 0.825937 0.318453
0 0.361792 0.895432 0.771450 0.894477 0.771587 0.999577 0.361929 1.000533
0 0.476115 -0.000016 0.885786 -0.000971 0.885923 0.104129 0.476252 0.105085

width height 731 547