0 0.419258 0.549271 0.425283 0.550157 0.423906 0.571212 0.417881 0.570327
0 0.377299 0.402874 0.383057 0.394936 0.389078 0.404754 0.383320 0.412692
0 0.441402 0.640094 0.445433 0.631066 0.457289 0.642966 0.453258 0.651994
0 0.426185 0.562289 0.433519 0.562308 0.433493 0.584197 0.426159 0.584178
0 0.415949 0.579586 0.424712 0.577459 0.427889 0.606870 0.419126 0.608998
0 0.442386 0.582524 0.447359 0.585019 0.444050 0.599848 0.439077 0.597353
0 0.374253 0.549967 0.374875 0.558142 0.363891 0.560019 0.363270 0.551843
0 0.421361 0.644625 0.430827 0.636855 0.444000 0.672930 0.434535 0.680699
0 0.451874 0.657512 0.461605 0.661973 0.454493 0.696851 0.444762 0.692390
0 0.434127 0.607340 0.443121 0.603320 0.448480 0.630274 0.439487 0.634293
0 0.444548 0.649298 0.451055 0.650878 0.448626 0.673367 0.442119 0.671787
0 0.423613 0.610356 0.429470 0.608808 0.431358 0.624856 0.425501 0.626404
0 0.429968 0.616800 0.436927 0.617183 0.436369 0.639964 0.429411 0.639581

width height 1024 683