0 0.114613 0.133920 0.297494 0.075611 0.312909 0.184397 0.130028 0.242706
0 0.247034 0.306977 0.364167 0.235275 0.386544 0.317523 0.269411 0.389225
0 0.492849 0.478406 0.568632 0.326454 0.616062 0.379677 0.540279 0.531629
0 0.574335 0.783557 0.504878 0.624948 0.554376 0.576177 0.623833 0.734785
0 0.785509 0.900552 0.768489 0.683230 0.836014 0.671331 0.853033 0.888654
0 0.928776 0.564294 0.815813 0.627646 0.795069 0.544423 0.908032 0.481070
0 0.802541 0.481506 0.662050 0.675968 0.615559 0.600394 0.756050 0.405932
0 0.912229 0.290650 0.786557 0.312461 0.779748 0.224200 0.905421 0.202389
0 0.587603 0.282827 0.640835 0.179142 0.681664 0.226307 0.628432 0.329991
0 0.820965 0.430650 0.717926 0.413859 0.723146 0.341784 0.826185 0.358574
0 0.818691 0.246179 0.699437 0.309525 0.679664 0.225771 0.798919 0.162425

width height 900 600