0 0.457999 0.590386 0.458569 0.551058 0.504647 0.553536 0.504077 0.592864
0 0.418150 0.560263 0.434322 0.536203 0.462515 0.606424 0.446344 0.630484
0 0.444635 0.503627 0.456005 0.470933 0.494310 0.520295 0.482940 0.552989
0 0.489207 0.500727 0.495290 0.462904 0.539332 0.489148 0.533249 0.526971
0 0.521630 0.473258 0.529742 0.427126 0.578817 0.459102 0.570705 0.505234
0 0.577290 0.507817 0.585207 0.471562 0.627701 0.505948 0.619784 0.542203
0 0.493183 0.550917 0.499806 0.508691 0.547555 0.536442 0.540933 0.578669
0 0.420184 0.529445 0.429838 0.494785 0.467551 0.533711 0.457897 0.568371
0 0.537013 0.530597 0.541193 0.492085 0.586315 0.510231 0.582135 0.548743
0 0.466240 0.641470 0.467025 0.602155 0.513094 0.605562 0.512310 0.644876
0 0.571592 0.574630 0.572890 0.558115 0.590835 0.563339 0.589537 0.579854
0 0.587146 0.551602 0.588443 0.535087 0.610281 0.541445 0.608984 0.557960
0 0.547219 0.557713 0.550913 0.542599 0.567335 0.557475 0.563641 0.572588
0 0.471613 0.491937 0.465299 0.457421 0.507315 0.428938 0.513630 0.463454

width height 1232 640