0 0.248193 0.436916 0.266503 0.446601 0.220156 0.472348 0.201847 0.462662
0 0.200443 0.419140 0.220676 0.411024 0.251183 0.433373 0.230950 0.441489
0 0.276477 0.321845 0.310351 0.328168 0.283523 0.370405 0.249649 0.364082
0 0.219474 0.095976 0.264837 0.096104 0.264143 0.167959 0.218780 0.167830
0 0.188432 0.159096 0.224256 0.159300 0.223801 0.182864 0.187977 0.182661
0 0.397902 0.649301 0.394046 0.634793 0.448651 0.630528 0.452508 0.645036
0 0.326011 0.415372 0.361270 0.411933 0.372484 0.445720 0.337225 0.449159
0 0.067782 0.213992 0.102078 0.208379 0.125131 0.249771 0.090834 0.255384
0 0.112453 0.124024 0.117878 0.102275 0.175557 0.106502 0.170132 0.128252
0 0.333790 0.489070 0.356598 0.484570 0.373201 0.509298 0.350393 0.513799
0 0.207162 0.382868 0.227322 0.378207 0.249853 0.406842 0.229693 0.411504
0 0.381697 0.651489 0.404916 0.659354 0.372915 0.687116 0.349696 0.679251
0 0.285306 0.155808 0.311365 0.155438 0.312655 0.182153 0.286596 0.182522
0 0.280616 0.623691 0.331044 0.618772 0.356932 0.696770 0.306504 0.701688
0 0.226520 0.522134 0.277755 0.521843 0.278990 0.585774 0.227755 0.586065
0 0.283368 0.533673 0.318952 0.522219 0.372336 0.570959 0.336752 0.582413
0 0.343255 0.453972 0.374627 0.448707 0.403128 0.498621 0.371757 0.503885
0 0.319164 0.327559 0.360409 0.339347 0.302462 0.398928 0.261217 0.387140
0 0.142743 0.281734 0.181836 0.270275 0.246553 0.335161 0.207460 0.346620
0 0.170773 0.226868 0.216466 0.214301 0.272164 0.273816 0.226470 0.286383
0 0.129964 0.329922 0.180392 0.325003 0.211468 0.418631 0.161040 0.423550
0 0.083178 0.463180 0.112465 0.460323 0.127745 0.506360 0.098458 0.509217
0 0.092065 0.167500 0.127348 0.164059 0.145435 0.218552 0.110152 0.221994
0 0.189086 0.058962 0.214288 0.062725 0.196666 0.097407 0.171464 0.093644
0 0.037005 0.140968 0.045441 0.121471 0.146296 0.134295 0.137860 0.153792
0 0.165910 0.135501 0.193651 0.135343 0.194309 0.169394 0.166568 0.169551
0 0.312673 0.265966 0.323445 0.250675 0.394463 0.265376 0.383691 0.280667
0 0.190784 0.100082 0.212093 0.100183 0.211644 0.128129 0.190334 0.128028
0 0.186369 0.490111 0.214807 0.482255 0.240063 0.509126 0.211625 0.516981
0 0.255183 0.489353 0.269630 0.479577 0.310205 0.497199 0.295758 0.506975

width height 412 760