0 0.100745 0.379171 0.345413 0.425591 0.330031 0.569677 0.085362 0.523257
0 0.248442 0.555726 0.371830 0.580602 0.363601 0.653136 0.240214 0.628260
0 0.422090 0.488207 0.534573 0.488207 0.534573 0.558000 0.422090 0.558000
0 0.195577 0.818276 0.324159 0.818276 0.324159 0.896276 0.195577 0.896276
0 0.402431 0.277172 0.579400 0.277172 0.579400 0.387676 0.402431 0.387676
0 0.634656 0.059862 0.752080 0.059862 0.752080 0.159310 0.634656 0.159310
0 0.701357 0.306354 0.952709 0.226527 0.978063 0.368405 0.726712 0.448232
0 0.557936 0.487103 0.794154 0.487103 0.794154 0.630759 0.557936 0.630759
0 0.172504 0.702579 0.280238 0.702579 0.280238 0.770690 0.172504 0.770690
0 0.445574 0.709266 0.560346 0.742346 0.547969 0.818659 0.433198 0.785578

width height 1933 1450