0 0.001444 0.238352 0.081227 0.238352 0.081227 0.530110 0.001444 0.530110
0 0.593249 0.005330 0.799097 0.005330 0.799097 0.218791 0.593249 0.218791
0 0.262214 0.403874 0.375900 0.507429 0.333093 0.616290 0.219407 0.512736
0 0.010469 0.686813 0.106859 0.686813 0.106859 0.827692 0.010469 0.827692
0 0.154404 0.800330 0.263899 0.800330 0.263899 0.921703 0.154404 0.921703
0 0.423574 0.301923 0.526570 0.301923 0.526570 0.389396 0.423574 0.389396
0 0.584437 0.233269 0.674421 0.306089 0.646863 0.384972 0.556879 0.312153
0 0.006606 0.835549 0.149386 0.835549 0.149386 1.000000 0.006606 1.000000
0 0.473610 0.412637 0.685884 0.412637 0.685884 0.663242 0.473610 0.663242

width height 277 182