0 0.863400 0.297908 0.889765 0.297908 0.889765 0.349857 0.863400 0.349857
0 0.887235 0.223266 0.920471 0.223266 0.920471 0.277077 0.887235 0.277077
0 0.023788 0.066648 0.153176 0.066648 0.153176 0.328080 0.023788 0.328080
0 0.029285 0.612776 0.389873 0.230914 0.436409 0.491579 0.075821 0.873442
0 0.779529 0.298997 0.850176 0.298997 0.850176 0.375702 0.779529 0.375702
0 0.828736 0.230777 0.877473 0.136697 0.897028 0.196788 0.848292 0.290867
0 0.605425 0.398212 0.658407 0.271405 0.680481 0.326115 0.627499 0.452921
0 0.652377 0.387325 0.696848 0.283096 0.712894 0.323707 0.668423 0.427936
0 0.941647 0.074040 0.978294 0.074040 0.978294 0.150745 0.941647 0.150745
0 0.681271 0.413983 0.717059 0.413983 0.717059 0.528080 0.681271 0.528080

width height 850 349