0 0.328648 0.702425 0.418826 0.702425 0.418826 0.817275 0.328648 0.817275
0 0.461192 0.046975 0.573932 0.046975 0.573932 0.161825 0.461192 0.161825
0 0.492349 0.536750 0.544039 0.536750 0.544039 0.603625 0.492349 0.603625
0 0.537011 0.645550 0.583986 0.645550 0.583986 0.732250 0.537011 0.732250
0 0.480427 0.366175 0.512171 0.366175 0.512171 0.481025 0.480427 0.481025
0 0.375089 0.239050 0.552722 0.239050 0.552722 0.353900 0.375089 0.353900
0 0.585231 0.417275 0.675338 0.417275 0.675338 0.532125 0.585231 0.532125
0 0.702135 0.625200 0.752865 0.625200 0.752865 0.740050 0.702135 0.740050
0 0.441388 0.785600 0.554128 0.785600 0.554128 0.900450 0.441388 0.900450

width height 562 400