0 0.871196 0.385312 0.894221 0.409262 0.886866 0.426593 0.863841 0.402644
0 0.076567 0.484625 0.108528 0.458133 0.119148 0.489536 0.087188 0.516029
0 0.166741 0.338303 0.180698 0.349678 0.161536 0.407307 0.147578 0.395932
0 0.329448 0.411912 0.355593 0.372797 0.367514 0.392326 0.341369 0.431441
0 0.023096 0.606304 0.059259 0.606501 0.059202 0.632263 0.023039 0.632066
0 0.182907 0.590127 0.187314 0.646320 0.164786 0.650651 0.160379 0.594457
0 0.033839 0.909535 0.065799 0.883042 0.076424 0.914459 0.044464 0.940951
0 0.113799 0.868736 0.128790 0.825330 0.145724 0.839664 0.130733 0.883070
0 0.113826 0.897399 0.150549 0.915196 0.143837 0.949140 0.107114 0.931344
0 0.069186 0.857807 0.097532 0.834311 0.103998 0.853428 0.075652 0.876924
0 0.719119 0.265809 0.746828 0.242840 0.755662 0.268963 0.727953 0.291931
0 0.712781 0.327566 0.733904 0.293915 0.747676 0.315102 0.726553 0.348753
0 0.706374 0.400900 0.735735 0.441425 0.722838 0.464329 0.693476 0.423803
0 0.579414 0.325005 0.595602 0.291497 0.605084 0.302724 0.588897 0.336232
0 0.813933 0.268331 0.832752 0.299926 0.821608 0.316197 0.802788 0.284601
0 0.725743 0.225215 0.761752 0.219985 0.763254 0.245319 0.727245 0.250548
0 0.566156 0.069585 0.581955 0.056488 0.593182 0.089684 0.577383 0.102780
0 0.825144 0.665739 0.837504 0.604741 0.855537 0.613697 0.843178 0.674695
0 0.797685 0.613260 0.807470 0.558756 0.823153 0.565658 0.813367 0.620161
0 0.813396 0.736054 0.825756 0.675056 0.843780 0.684007 0.831420 0.745005
0 0.940570 0.730541 0.962780 0.764120 0.952858 0.780206 0.930647 0.746627
0 0.934306 0.657121 0.974214 0.697695 0.961264 0.728915 0.921355 0.688341
0 0.971583 0.784612 0.998692 0.807751 0.991854 0.827385 0.964745 0.804246
0 0.616542 0.561062 0.644503 0.581568 0.638443 0.601819 0.610483 0.581314
0 0.632196 0.775318 0.619578 0.827594 0.604941 0.818935 0.617559 0.766659
0 0.653969 0.810528 0.627504 0.836217 0.618904 0.814503 0.645369 0.788814
0 0.412918 0.531544 0.452223 0.559327 0.444754 0.585224 0.405450 0.557441
0 0.455685 0.590698 0.475226 0.642633 0.460225 0.656466 0.440685 0.604532
0 0.368784 0.571391 0.380947 0.615821 0.367818 0.624630 0.355655 0.580201
0 0.332329 0.581499 0.354539 0.615078 0.344623 0.631153 0.322413 0.597575
0 0.300468 0.630973 0.335986 0.626596 0.337107 0.648890 0.301589 0.653266
0 0.341769 0.643413 0.371675 0.631391 0.374385 0.647913 0.344479 0.659935
0 0.410807 0.386788 0.440117 0.364408 0.446379 0.384508 0.417069 0.406887
0 0.456292 0.316000 0.450665 0.363529 0.436629 0.359457 0.442256 0.311928
0 0.516769 0.489181 0.544256 0.511201 0.537749 0.531109 0.510262 0.509088
0 0.389681 0.478322 0.429002 0.480580 0.427953 0.525351 0.388632 0.523094
0 0.565634 0.479581 0.555564 0.514662 0.542535 0.505495 0.552605 0.470414
0 0.264243 0.542818 0.290108 0.516421 0.297909 0.535154 0.272043 0.561552
0 0.306937 0.510102 0.341073 0.527158 0.336179 0.551163 0.302043 0.534108
0 0.326174 0.244415 0.348384 0.277994 0.335803 0.298390 0.313593 0.264811
0 0.439222 0.238954 0.478189 0.245366 0.476436 0.271488 0.437468 0.265076
0 0.503797 0.092729 0.507934 0.140631 0.493778 0.143628 0.489641 0.095725
0 0.252416 0.703644 0.279869 0.732308 0.270788 0.753627 0.243334 0.724963
0 0.435738 0.628660 0.417185 0.679377 0.403970 0.667529 0.422523 0.616812
0 0.453567 0.651681 0.430709 0.697484 0.417757 0.681642 0.440615 0.635839
0 0.227249 0.592357 0.250321 0.627238 0.240405 0.643314 0.217333 0.608433
0 0.206438 0.560198 0.215773 0.614738 0.201994 0.620518 0.192659 0.565979
0 0.224203 0.637160 0.204730 0.674673 0.193645 0.660569 0.213118 0.623056
0 0.267363 0.589704 0.282614 0.631734 0.270193 0.642780 0.254942 0.600750
0 0.308379 0.592151 0.286906 0.638084 0.275379 0.624876 0.296853 0.578944
0 0.413162 0.316064 0.431311 0.343501 0.421395 0.359576 0.403246 0.332139
0 0.384131 0.278738 0.408960 0.286787 0.406638 0.304342 0.381809 0.296292
0 0.560305 0.686302 0.542128 0.711925 0.535372 0.700177 0.553549 0.674554
0 0.181184 0.477153 0.208778 0.452010 0.215963 0.471338 0.188369 0.496481
0 0.243742 0.442849 0.272567 0.425526 0.276950 0.443401 0.248124 0.460724
0 0.255720 0.379250 0.263092 0.413742 0.252187 0.419455 0.244815 0.384962
0 0.240930 0.644421 0.299299 0.650330 0.298184 0.677317 0.239815 0.671407
0 0.105448 0.611792 0.123378 0.651145 0.111757 0.664122 0.093827 0.624769
0 0.144566 0.652794 0.143596 0.701109 0.129329 0.700407 0.130299 0.652092
0 0.110472 0.541506 0.132869 0.508232 0.142702 0.524454 0.120305 0.557728
0 0.093913 0.407666 0.123344 0.422282 0.119028 0.443584 0.089597 0.428968
0 0.592619 0.436739 0.621366 0.454376 0.616154 0.475197 0.587407 0.457560
0 0.643202 0.437800 0.636785 0.471931 0.624763 0.466392 0.631180 0.432261
0 0.568355 0.446707 0.588805 0.437466 0.592229 0.456037 0.571779 0.465278
0 0.655474 0.458692 0.681392 0.434887 0.687797 0.451979 0.661880 0.475784
0 0.624267 0.392592 0.664221 0.387669 0.665490 0.412896 0.625535 0.417819
0 0.463472 0.136561 0.481722 0.166987 0.471309 0.182295 0.453059 0.151870
0 0.470964 0.189157 0.487571 0.214265 0.480185 0.226239 0.463578 0.201132
0 0.568921 0.715822 0.591131 0.749400 0.582345 0.763645 0.560134 0.730066
0 0.460119 0.694796 0.466274 0.742164 0.452277 0.746622 0.446121 0.699254
0 0.027156 0.803041 0.051152 0.839320 0.039660 0.857950 0.015664 0.821671
0 0.020238 0.770074 0.046981 0.759480 0.050482 0.781145 0.023740 0.791739
0 0.080303 0.815492 0.068911 0.850647 0.056172 0.840529 0.067564 0.805374
0 0.218513 0.563084 0.248393 0.550900 0.251993 0.572541 0.222114 0.584725
0 0.284391 0.496436 0.268674 0.538043 0.256378 0.526659 0.272096 0.485052
0 0.679591 0.301712 0.708417 0.291044 0.710652 0.305849 0.681827 0.316517
0 0.510679 0.366080 0.494213 0.389210 0.488289 0.378874 0.504755 0.355744
0 0.490491 0.205584 0.520551 0.216622 0.517289 0.238394 0.487229 0.227356
0 0.416479 0.806138 0.430880 0.848897 0.418253 0.859320 0.403852 0.816560
0 0.426517 0.884752 0.443886 0.858029 0.450513 0.868587 0.433144 0.895309
0 0.445719 0.473136 0.463601 0.460496 0.467864 0.475278 0.449982 0.487919
0 0.483462 0.467278 0.500364 0.492830 0.492964 0.504826 0.476063 0.479274
0 0.197853 0.307660 0.197853 0.353224 0.183578 0.353224 0.183578 0.307660

width height 1027 656