0 0.462879 0.521504 0.495834 0.566943 0.448704 0.690957 0.415749 0.645517
0 0.312461 0.259069 0.362210 0.229009 0.387881 0.383154 0.338132 0.413213
0 0.393850 0.278079 0.417242 0.278079 0.417242 0.337492 0.393850 0.337492
0 0.396908 0.152619 0.420300 0.152619 0.420300 0.212032 0.396908 0.212032
0 0.375250 0.452952 0.398642 0.452952 0.398642 0.512365 0.375250 0.512365
0 0.446933 0.002397 0.470325 0.002397 0.470325 0.061810 0.446933 0.061810
0 0.414225 0.002397 0.437617 0.002397 0.437617 0.042222 0.414225 0.042222
0 0.405808 0.780381 0.429200 0.780381 0.429200 0.839778 0.405808 0.839778
0 0.339098 0.805866 0.386795 0.778263 0.415185 0.956245 0.367488 0.983848

width height 1200 630