0 0.279643 0.374050 0.319786 0.374050 0.319786 0.482432 0.279643 0.482432
0 0.356487 0.315557 0.395491 0.315557 0.395491 0.420497 0.356487 0.420497
0 0.431964 0.075864 0.468866 0.094815 0.449374 0.180210 0.412473 0.161259
0 0.511758 0.180961 0.556052 0.202805 0.530685 0.318538 0.486391 0.296694
0 0.409247 0.473035 0.458590 0.473035 0.458590 0.596918 0.409247 0.596918
0 0.486928 0.531355 0.527458 0.577001 0.473874 0.684051 0.433344 0.638406
0 0.450542 0.381854 0.503316 0.381854 0.503316 0.519478 0.450542 0.519478
0 0.528085 0.361247 0.570214 0.394848 0.525394 0.521291 0.483265 0.487691
0 0.554309 0.446509 0.590345 0.477592 0.545389 0.594865 0.509352 0.563782
0 0.489929 0.297630 0.526627 0.317449 0.506016 0.403324 0.469318 0.383506
0 0.501875 0.052428 0.546172 0.074274 0.520805 0.190007 0.476508 0.168161
0 0.545458 0.076512 0.589435 0.098200 0.561805 0.224254 0.517828 0.202566
0 0.302439 0.251859 0.349040 0.254178 0.345587 0.410312 0.298986 0.407993
0 0.633150 0.009785 0.679266 0.023985 0.654578 0.204393 0.608462 0.190193
0 0.547672 0.000712 0.594273 0.003031 0.592836 0.068012 0.546235 0.065693
0 0.350815 0.053375 0.406226 0.066093 0.389128 0.233697 0.333717 0.220979
0 0.318867 0.198326 0.351842 0.192778 0.357449 0.267753 0.324473 0.273301
0 0.456759 -0.001490 0.493660 0.017461 0.474169 0.102856 0.437267 0.083905
0 0.451412 -0.000463 0.452501 0.058020 0.372826 0.061358 0.371737 0.002875

width height 3504 2336