0 0.027500 0.422593 0.417498 0.292943 0.454625 0.491490 0.064627 0.621140
0 0.228437 0.561042 0.873172 0.561042 0.873172 0.836667 0.228437 0.836667
0 0.560625 0.375417 1.000000 0.375417 1.000000 0.590000 0.560625 0.590000
0 0.283438 0.164979 0.742578 0.164979 0.742578 0.379562 0.283438 0.379562
0 0.326719 0.882708 0.766094 0.882708 0.766094 1.000000 0.326719 1.000000
0 0.048250 0.815208 0.231406 0.815208 0.231406 0.935667 0.048250 0.935667
0 0.822969 0.069375 1.000000 0.069375 1.000000 0.333333 0.822969 0.333333
0 0.002469 0.085771 0.202969 0.085771 0.202969 0.285417 0.002469 0.285417
0 0.538984 0.000000 0.865781 0.000000 0.865781 0.099792 0.538984 0.099792
0 0.889219 0.575083 1.000000 0.575083 1.000000 0.774729 0.889219 0.774729
0 0.001844 0.287958 0.140469 0.287958 0.140469 0.426458 0.001844 0.426458
0 0.003125 0.000000 0.483328 0.000000 0.483328 0.107708 0.003125 0.107708

width height 640 480