1 0.157289 0.622409 0.116599 0.581378 0.168927 0.489124 0.209618 0.530156
1 0.227729 0.485743 0.265180 0.451038 0.334646 0.584301 0.297195 0.619007
1 0.156592 0.478460 0.205588 0.433056 0.275058 0.566329 0.226062 0.611732
1 0.264231 0.167186 0.309259 0.200328 0.262619 0.312981 0.217591 0.279839
1 0.305374 0.213832 0.335501 0.206315 0.357893 0.365845 0.327766 0.373363
1 0.692203 0.551574 0.668244 0.472110 0.798814 0.402126 0.822772 0.481590
1 0.736482 0.486991 0.786750 0.440408 0.855302 0.571920 0.805034 0.618503
1 0.615221 0.291011 0.652891 0.294611 0.642179 0.493867 0.604509 0.490266
1 0.770479 0.101972 0.824508 0.134802 0.757663 0.330373 0.703634 0.297543
1 0.262294 0.338150 0.262373 0.277339 0.324415 0.277483 0.324335 0.338294
1 0.361856 0.326305 0.338551 0.265583 0.450036 0.189517 0.473340 0.250239
1 0.336744 0.372873 0.324150 0.334618 0.443239 0.264916 0.455834 0.303171
1 0.349021 0.406228 0.355397 0.329218 0.476387 0.347028 0.470011 0.424038

width height 1200 900