1 0.422443 0.612945 0.454844 0.612945 0.454844 0.670344 0.422443 0.670344
1 0.553750 0.417984 0.613854 0.417984 0.613854 0.520937 0.553750 0.520937
1 0.330073 0.566430 0.376323 0.566430 0.376323 0.623828 0.330073 0.623828
1 0.520089 0.609977 0.566339 0.609977 0.566339 0.674297 0.520089 0.674297
1 0.464688 0.473438 0.500365 0.473438 0.500365 0.516945 0.464688 0.516945
1 0.593333 0.596125 0.631661 0.596125 0.631661 0.686172 0.593333 0.686172
1 0.366365 0.437773 0.400729 0.437773 0.400729 0.516953 0.366365 0.516953
1 0.312896 0.438758 0.359146 0.438758 0.359146 0.496156 0.312896 0.496156
1 0.264703 0.493375 0.643594 0.493375 0.643594 0.649352 0.264703 0.649352
1 0.401333 0.451633 0.447583 0.451633 0.447583 0.509031 0.401333 0.509031
1 0.457411 0.630758 0.503661 0.630758 0.503661 0.675312 0.457411 0.675312

width height 1920 1280