4 0.000000 0.347361 0.080463 0.347361 0.080463 0.490583 0.000000 0.490583
4 0.356330 0.437179 0.434876 0.418322 0.491837 0.655580 0.413291 0.674437
4 0.113258 0.450635 0.222803 0.424336 0.289214 0.700957 0.179669 0.727257
4 0.363214 0.163371 0.475147 0.176124 0.442944 0.458768 0.331011 0.446015
4 0.582178 0.301685 0.694659 0.295397 0.708869 0.549546 0.596387 0.555835
4 0.699640 0.409565 0.809185 0.383265 0.868610 0.630787 0.759065 0.657087
4 0.238443 0.521179 0.336036 0.489093 0.408029 0.708061 0.310437 0.740148
4 0.472553 0.309237 0.578616 0.347213 0.502642 0.559402 0.396578 0.521425
4 0.671898 0.785648 0.787648 0.785648 0.787648 1.000000 0.671898 1.000000
4 0.730556 0.203194 0.999537 0.203194 0.999537 0.346417 0.730556 0.346417
4 0.898333 0.351287 0.998620 0.351287 0.998620 0.494509 0.898333 0.494509
4 0.190120 0.704435 0.459093 0.704435 0.459093 0.796657 0.190120 0.796657
4 0.194355 0.705080 0.370742 0.838965 0.314979 0.912430 0.138592 0.778545
4 0.319685 0.943796 0.433519 0.943796 0.433519 1.000000 0.319685 1.000000

width height 1080 1080