6 0.797805 0.484643 0.826989 0.483780 0.830351 0.551101 0.801167 0.551964
6 0.968126 0.587429 0.987506 0.604222 0.928591 0.644463 0.909210 0.627670
6 0.005645 0.245193 0.034793 0.246407 0.030532 0.306941 0.001384 0.305727
6 0.004343 0.189168 0.033491 0.190383 0.029555 0.246299 0.000407 0.245084
6 0.079603 0.653947 0.108751 0.655161 0.104490 0.715684 0.075342 0.714470
6 0.050398 0.370221 0.079560 0.371436 0.075300 0.431959 0.046137 0.430744
6 0.155495 0.083497 0.184643 0.084712 0.180382 0.145234 0.151234 0.144020
6 0.042616 0.037834 0.071764 0.039048 0.067503 0.099571 0.038356 0.098357
6 0.058194 0.103912 0.082476 0.104923 0.079168 0.151913 0.054886 0.150901
6 0.127279 -0.001093 0.156427 0.000121 0.152166 0.060644 0.123018 0.059429
6 0.426505 0.233514 0.454912 0.238680 0.439837 0.287743 0.411429 0.282577
6 0.385958 0.516610 0.411827 0.517688 0.407565 0.578222 0.381696 0.577145
6 0.369699 0.607563 0.398846 0.608778 0.396223 0.646036 0.367076 0.644821
6 0.211106 0.673158 0.238353 0.665069 0.258819 0.705874 0.231572 0.713962
6 0.239987 0.732675 0.267717 0.725661 0.285665 0.767659 0.257935 0.774673
6 0.734866 0.634743 0.764013 0.635957 0.759752 0.696491 0.730604 0.695277
6 0.887317 0.690268 0.916464 0.691482 0.913298 0.736457 0.884150 0.735242
6 0.931912 0.885539 0.961059 0.886753 0.956799 0.947276 0.927651 0.946061
6 0.373172 0.954752 0.402320 0.955966 0.400516 0.981592 0.371368 0.980377
6 0.936818 0.830666 0.965965 0.831881 0.963287 0.869922 0.934140 0.868707
6 0.489514 0.305988 0.518329 0.309578 0.505733 0.369410 0.476918 0.365820
6 0.428376 0.392020 0.454767 0.401617 0.417336 0.462536 0.390945 0.452939
6 0.180280 0.526784 0.206671 0.536381 0.169240 0.597299 0.142850 0.587702
6 0.525030 0.529310 0.554193 0.530525 0.549932 0.591048 0.520770 0.589833
6 0.640098 0.579829 0.669246 0.581044 0.664984 0.641578 0.635837 0.640363
6 0.575870 0.826127 0.605032 0.827342 0.600772 0.887864 0.571609 0.886649
6 0.509752 0.803254 0.538243 0.808194 0.520922 0.867322 0.492432 0.862383
6 0.756541 0.455840 0.784925 0.461083 0.766533 0.520019 0.738149 0.514777

width height 667 867