5 0.621022 0.546392 0.631641 0.546392 0.631641 0.561697 0.621022 0.561697
5 0.532487 0.457100 0.543105 0.457100 0.543105 0.472405 0.532487 0.472405
5 0.569303 0.539758 0.579922 0.539758 0.579922 0.555073 0.569303 0.555073
5 0.604238 0.532105 0.614857 0.532105 0.614857 0.547420 0.604238 0.547420
5 0.592253 0.491290 0.602865 0.491290 0.602865 0.506596 0.592253 0.506596
5 0.552181 0.445364 0.562793 0.445364 0.562793 0.460669 0.552181 0.460669
5 0.509707 0.531086 0.520326 0.531086 0.520326 0.546392 0.509707 0.546392
5 0.460046 0.481591 0.470664 0.481591 0.470664 0.496896 0.460046 0.496896
5 0.444290 0.451484 0.454909 0.451484 0.454909 0.466799 0.444290 0.466799
5 0.444980 0.405053 0.455599 0.405053 0.455599 0.420359 0.444980 0.420359
5 0.476491 0.380563 0.487103 0.380563 0.487103 0.395868 0.476491 0.395868
5 0.515534 0.411688 0.526152 0.411688 0.526152 0.426993 0.515534 0.426993
5 0.466211 0.556596 0.476829 0.556596 0.476829 0.571911 0.466211 0.571911
5 0.490872 0.599971 0.501491 0.599971 0.501491 0.615276 0.490872 0.615276
5 0.510052 0.602008 0.520671 0.602008 0.520671 0.617323 0.510052 0.617323
5 0.655267 0.637216 0.665885 0.637216 0.665885 0.652532 0.655267 0.652532
5 0.299818 0.309845 0.310436 0.309845 0.310436 0.325150 0.299818 0.325150
5 0.338451 0.271474 0.349069 0.271474 0.349069 0.286780 0.338451 0.286780
5 0.456517 0.179011 0.467135 0.179011 0.467135 0.194326 0.456517 0.194326
5 0.549453 0.272852 0.560072 0.272852 0.560072 0.288157 0.549453 0.288157
5 0.236426 0.886266 0.247044 0.886266 0.247044 0.901571 0.236426 0.901571
5 0.242415 0.865810 0.253034 0.865810 0.253034 0.881115 0.242415 0.881115
5 0.277344 0.602211 0.287962 0.602211 0.287962 0.617517 0.277344 0.617517
5 0.276504 0.636828 0.287122 0.636828 0.287122 0.652134 0.276504 0.652134
5 0.172930 0.420378 0.183548 0.420378 0.183548 0.435684 0.172930 0.435684
5 0.122539 0.378254 0.133158 0.378254 0.133158 0.393560 0.122539 0.393560
5 0.124219 0.356149 0.134837 0.356149 0.134837 0.371465 0.124219 0.371465
5 0.531230 0.088681 0.541849 0.088681 0.541849 0.103986 0.531230 0.103986
5 0.608307 0.083395 0.618926 0.083395 0.618926 0.098700 0.608307 0.098700
5 0.681328 0.004830 0.691947 0.004830 0.691947 0.020136 0.681328 0.020136
5 0.701608 0.034287 0.712227 0.034287 0.712227 0.049602 0.701608 0.049602
5 0.770065 0.680951 0.780684 0.680951 0.780684 0.696256 0.770065 0.696256
5 0.706536 0.715761 0.717155 0.715761 0.717155 0.731067 0.706536 0.731067
5 0.794889 0.803880 0.805508 0.803880 0.805508 0.819185 0.794889 0.819185
5 0.840892 0.788652 0.851510 0.788652 0.851510 0.803957 0.840892 0.803957
5 0.902227 0.896343 0.912845 0.896343 0.912845 0.911649 0.902227 0.911649
5 0.739395 0.912658 0.750013 0.912658 0.750013 0.927973 0.739395 0.927973
5 0.739395 0.800611 0.750013 0.800611 0.750013 0.815926 0.739395 0.815926
5 0.504277 0.911571 0.514896 0.911571 0.514896 0.926887 0.504277 0.926887
5 0.739395 0.942037 0.750013 0.942037 0.750013 0.957342 0.739395 0.957342
5 0.602214 0.334171 0.615286 0.334171 0.615286 0.360330 0.602214 0.360330
5 0.640566 0.347769 0.651185 0.347769 0.651185 0.363075 0.640566 0.363075
5 0.696549 0.361368 0.707168 0.361368 0.707168 0.376673 0.696549 0.376673
5 0.141563 0.450873 0.152181 0.450873 0.152181 0.466188 0.141563 0.466188
5 0.193112 0.515723 0.203730 0.515723 0.203730 0.531028 0.193112 0.531028
5 0.185931 0.528943 0.196549 0.528943 0.196549 0.544248 0.185931 0.544248
5 0.327064 0.340078 0.337682 0.340078 0.337682 0.355383 0.327064 0.355383
5 0.303704 0.239990 0.314316 0.239990 0.314316 0.255306 0.303704 0.255306
5 0.312663 0.628099 0.323281 0.628099 0.323281 0.643404 0.312663 0.643404
5 0.185026 0.208002 0.195638 0.208002 0.195638 0.223307 0.185026 0.223307

width height 1536 1031