5 0.228208 0.831964 0.256688 0.831964 0.256688 0.881855 0.228208 0.881855
5 0.739354 0.870255 0.764958 0.870255 0.764958 0.916836 0.739354 0.916836
5 0.579521 0.586000 0.620917 0.586000 0.620917 0.659018 0.579521 0.659018
5 0.663333 0.597564 0.704729 0.597564 0.704729 0.670582 0.663333 0.670582
5 0.382625 0.871455 0.403729 0.871455 0.403729 0.905127 0.382625 0.905127
5 0.294417 0.538836 0.335813 0.538836 0.335813 0.611855 0.294417 0.611855
5 0.294417 0.538836 0.335813 0.538836 0.335813 0.611855 0.294417 0.611855
5 0.350125 0.453200 0.391500 0.453200 0.391500 0.526182 0.350125 0.526182
5 0.441667 0.352109 0.483042 0.352109 0.483042 0.425127 0.441667 0.425127
5 0.542021 0.723636 0.583417 0.723636 0.583417 0.796655 0.542021 0.796655

width height 480 275