5 0.158723 0.489130 0.280182 0.489130 0.280182 0.648533 0.158723 0.648533
5 0.245000 0.188424 0.366423 0.188424 0.366423 0.347826 0.245000 0.347826
5 0.418029 0.741413 0.539489 0.741413 0.539489 0.900815 0.418029 0.900815
5 0.020255 0.677772 0.141679 0.677772 0.141679 0.837174 0.020255 0.837174
5 0.375328 0.438641 0.496752 0.438641 0.496752 0.598043 0.375328 0.598043
5 0.412153 0.203913 0.533613 0.203913 0.533613 0.363315 0.412153 0.363315
5 0.487299 0.302609 0.608723 0.302609 0.608723 0.462011 0.487299 0.462011
5 0.646423 0.078859 0.767847 0.078859 0.767847 0.238261 0.646423 0.238261
5 0.870365 0.528587 0.991788 0.528587 0.991788 0.687989 0.870365 0.687989
5 0.628723 0.625163 0.750182 0.625163 0.750182 0.784565 0.628723 0.784565
5 0.541788 0.449620 0.663248 0.449620 0.663248 0.609022 0.541788 0.609022

width height 274 184