5 0.580786 0.388489 0.663321 0.388489 0.663321 0.518681 0.580786 0.518681
5 0.665714 0.386331 0.748250 0.386331 0.748250 0.466403 0.665714 0.466403
5 0.715250 0.241247 0.797804 0.241247 0.797804 0.357098 0.715250 0.357098
5 0.778964 0.170024 0.861500 0.170024 0.861500 0.262038 0.778964 0.262038
5 0.637393 0.027410 0.719946 0.027410 0.719946 0.129017 0.637393 0.129017
5 0.298536 0.168849 0.381071 0.168849 0.381071 0.339329 0.298536 0.339329
5 0.495839 0.433741 0.578393 0.433741 0.578393 0.604221 0.495839 0.604221
5 0.557768 0.538297 0.640321 0.538297 0.640321 0.708777 0.557768 0.708777
5 0.602018 0.481295 0.684554 0.481295 0.684554 0.570959 0.602018 0.570959

width height 560 417