5 0.547286 0.485895 0.583355 0.485895 0.583355 0.548184 0.547286 0.548184
5 0.493224 0.570184 0.525576 0.570184 0.525576 0.626579 0.493224 0.626579
5 0.626020 0.767842 0.662089 0.767842 0.662089 0.830105 0.626020 0.830105
5 0.562780 0.379763 0.598849 0.379763 0.598849 0.442026 0.562780 0.442026
5 0.604161 0.136605 0.640247 0.136605 0.640247 0.198868 0.604161 0.198868
5 0.432039 0.374395 0.468109 0.374395 0.468109 0.436658 0.432039 0.436658
5 0.415625 0.510947 0.451711 0.510947 0.451711 0.573237 0.415625 0.573237
5 0.463536 0.578026 0.499605 0.578026 0.499605 0.640289 0.463536 0.640289
5 0.611727 0.585211 0.647796 0.585211 0.647796 0.647474 0.611727 0.647474
5 0.560822 0.233132 0.596908 0.233132 0.596908 0.295395 0.560822 0.295395
5 0.562155 0.138579 0.598240 0.138579 0.598240 0.200842 0.562155 0.200842

width height 608 380