5 0.667208 0.594691 0.705750 0.594691 0.705750 0.661855 0.667208 0.661855
5 0.378583 0.851345 0.417125 0.851345 0.417125 0.918509 0.378583 0.918509
5 0.223396 0.818073 0.261937 0.818073 0.261937 0.885236 0.223396 0.885236
5 0.736625 0.853709 0.775187 0.853709 0.775187 0.920873 0.736625 0.920873
5 0.441271 0.359455 0.479813 0.359455 0.479813 0.426655 0.441271 0.426655
5 0.351354 0.461636 0.389896 0.461636 0.389896 0.528800 0.351354 0.528800
5 0.296896 0.542436 0.335458 0.542436 0.335458 0.609600 0.296896 0.609600
5 0.581437 0.580436 0.619979 0.580436 0.619979 0.647600 0.581437 0.647600
5 0.547396 0.725382 0.585938 0.725382 0.585938 0.792582 0.547396 0.792582

width height 480 275