5 0.557467 0.125184 0.604441 0.125184 0.604441 0.202289 0.557467 0.202289
5 0.494687 0.574789 0.524243 0.574789 0.524243 0.622368 0.494687 0.622368
5 0.558964 0.362789 0.605938 0.362789 0.605938 0.439921 0.558964 0.439921
5 0.419342 0.362868 0.466332 0.362868 0.466332 0.439974 0.419342 0.439974
5 0.408964 0.507737 0.455937 0.507737 0.455937 0.584868 0.408964 0.584868
5 0.459457 0.574289 0.506431 0.574289 0.506431 0.651395 0.459457 0.651395
5 0.539655 0.472105 0.586628 0.472105 0.586628 0.549211 0.539655 0.549211
5 0.619852 0.754868 0.666826 0.754868 0.666826 0.832000 0.619852 0.832000
5 0.607961 0.574289 0.654934 0.574289 0.654934 0.651395 0.607961 0.651395
5 0.551530 0.229737 0.598503 0.229737 0.598503 0.306842 0.551530 0.306842

width height 608 380